0.504297	1.558565	2.960817	16.15161	6.686266	15.9754	4.522481	2.515283	8.277819	1	1	1	7	0	0	0	0	0	0	0	0	0
5.685446	2.459931	3.135278	25.31753	0.7021875	12.42625	4.772004	2.492857	8.358317	1	2	2	7	1	0	0	0	0	0	0	0	0
0.6659844	2.19277	3.302569	23.45995	3.293024	2.666685	4.621983	1.312731	8.416721	1	3	3	7	0	1	0	0	0	0	0	0	0
0.416917	2.208274	2.844162	17.0954	2.23	16.02382	4.34289	2.628809	8.558526	1	4	4	7	0	0	1	0	0	0	0	0	0
-1.314555	3.208987	2.355796	12.35178	-2.442628	16.43486	4.171906	1.260412	8.643224	1	5	5	7	0	0	0	1	0	0	0	0	0
1.436785	2.514304	1.987425	10.73059	9.766456	21.20157	4.130032	0.4241578	8.608824	1	6	6	7	0	0	0	0	1	0	0	0	0
2.387857	0.8862438	1.690011	10.87005	8.557867	17.24668	4.191798	1.224371	8.609143	1	7	7	7	0	0	0	0	0	1	0	0	0
1.296723	3.667247	1.766974	13.03947	3.036482	10.05821	2.036049	-2.135052	8.835997	2	8	1	10	0	0	0	0	0	0	0	0	0
2.145693	3.13645	1.593385	16.6699	1.82441	18.4515	2.133635	-0.5848448	8.916472	2	9	2	10	1	0	0	0	0	0	0	0	0
3.960456	3.122541	1.460877	16.18106	3.617608	11.57652	2.077425	-0.9753068	8.972136	2	10	3	10	0	1	0	0	0	0	0	0	0
1.876473	3.645398	1.677019	18.20718	4.599422	10.23727	1.979878	-1.502493	9.101458	2	11	4	10	0	0	1	0	0	0	0	0	0
0.357993	5.427519	1.700198	18.74516	5.180787	34.60631	2.125628	0.3927325	9.226865	2	12	5	10	0	0	0	1	0	0	0	0	0
-1.816677	5.591397	1.619456	16.0238	12.74722	43.8072	2.353342	0.3378839	9.255023	2	13	6	10	0	0	0	0	1	0	0	0	0
-2.809512	6.760735	1.49145	13.00357	11.00521	36.94922	2.327329	-0.4128571	9.212952	2	14	7	10	0	0	0	0	0	1	0	0	0
5.494257	6.224685	1.377951	13.64849	-16.04891	83.78764	2.686712	0.6596406	9.122108	2	15	8	10	0	0	0	0	0	0	1	0	0
1.174013	-0.2359999	1.236466	15.96357	5.94822	7.99841	3.053691	0.6707339	9.185996	2	16	9	10	0	0	0	0	0	0	0	1	0
-0.8986983	2.121543	1.077312	12.43511	15.4596	47.1446	3.072081	0.4133945	9.334263	2	17	10	10	0	0	0	0	0	0	0	0	1
5.689033	1.887373	2.133608	19.04156	11.05877	23.98019	4.781186	0.0924123	9.678919	3	18	1	6	0	0	0	0	0	0	0	0	0
1.555438	2.006602	2.197716	19.2163	-7.856568	12.9074	4.766829	1.625995	9.502175	3	19	2	6	1	0	0	0	0	0	0	0	0
3.655468	1.632764	1.894325	16.08542	-2.738872	14.37265	4.694522	2.456097	9.800654	3	20	3	6	0	1	0	0	0	0	0	0	0
-4.375193	1.465106	1.496446	14.41396	0.30702	5.042847	4.621096	0.9301825	9.90428	3	21	4	6	0	0	1	0	0	0	0	0	0
0.9555122	0.4291816	1.113485	21.73878	-4.301968	10.29698	4.784065	2.048092	9.832136	3	22	5	6	0	0	0	1	0	0	0	0	0
0.3346995	0.560758	0.9693693	17.5052	0.184462	4.143678	4.725127	2.021763	9.747252	3	23	6	6	0	0	0	0	1	0	0	0	0
1.912677	2.699884	6.255136	13.20598	-1.335938	4.728378	5.292795	2.458099	9.447621	4	24	1	6	0	0	0	0	0	0	0	0	0
-2.049139	1.70074	3.97017	17.03762	-1.069632	3.593756	5.212682	2.669672	9.895386	4	25	2	6	1	0	0	0	0	0	0	0	0
-0.7059792	-1.98	3.495132	8.71914	0.8077481	5.824406	5.022758	1.872287	9.790226	4	26	3	6	0	1	0	0	0	0	0	0	0
-0.3590375	-0.024	2.867597	9.298244	2.105804	8.314913	5.117566	2.749367	9.678083	4	27	4	6	0	0	1	0	0	0	0	0	0
2.748185	-0.396	2.201894	7.919539	1.964374	14.3725	5.077942	1.793007	9.751663	4	28	5	6	0	0	0	1	0	0	0	0	0
2.719385	-0.694	1.677968	9.326103	0.269826	6.67864	5.069769	1.790418	9.750272	4	29	6	6	0	0	0	0	1	0	0	0	0
3.274765	2.802269	0.5170138	5.705647	2.730862	5.043457	4.804173	1.101282	9.118993	5	30	1	7	0	0	0	0	0	0	0	0	0
1.716537	2.420901	0.4506035	5.917498	-0.3233561	6.385091	4.792387	2.642975	9.401481	5	31	2	7	1	0	0	0	0	0	0	0	0
0.2968897	2.287472	0.4025134	5.736314	4.871564	7.593472	4.938812	1.68934	9.401396	5	32	3	7	0	1	0	0	0	0	0	0	0
2.289082	1.366602	0.4040108	4.183014	-1.281386	5.263924	4.643739	2.708888	9.483295	5	33	4	7	0	0	1	0	0	0	0	0	0
-2.189163	1.200567	0.4170801	3.605564	3.599688	11.77114	4.58033	1.940457	9.587335	5	34	5	7	0	0	0	1	0	0	0	0	0
2.727821	0.8977193	0.4271228	4.367669	-4.62389	8.513769	4.72146	0.85793	9.539519	5	35	6	7	0	0	0	0	1	0	0	0	0
0.5483994	0.4898062	0.3827631	4.304435	-1.6564	3.728039	4.662868	0.9737565	9.593803	5	36	7	7	0	0	0	0	0	1	0	0	0
1.697232	1.755095	3.250272	7.596834	-6.47806	9.0748	3.948509	1.397345	7.016416	6	37	1	2	0	0	0	0	0	0	0	0	0
2.518515	0.9555114	3.138614	7.9661	-0.493946	1.368881	4.010507	0.8663788	7.076195	6	38	2	2	1	0	0	0	0	0	0	0	0
-1.48015	4.375279	2.21968	11.82726	-1.3083	7.794124	3.621726	1.26814	7.949149	7	39	1	10	0	0	0	0	0	0	0	0	0
1.919371	1.929781	2.311177	12.2747	2.9187	7.278889	3.707926	0.8136963	7.822266	7	40	2	10	1	0	0	0	0	0	0	0	0
0.0095316	1.747111	2.41406	10.88019	0.9931061	3.681723	3.795265	0.6902346	7.830646	7	41	3	10	0	1	0	0	0	0	0	0	0
1.839444	3.077036	2.491807	11.20354	8.982458	16.19835	3.684739	0.897059	7.926394	7	42	4	10	0	0	1	0	0	0	0	0	0
2.074428	2.315699	2.123264	12.25507	-5.209474	6.601212	3.587312	0.5137864	7.896928	7	43	5	10	0	0	0	1	0	0	0	0	0
-3.528468	5.863546	1.83617	7.655394	5.200727	10.17231	3.373345	0.7200249	8.045033	7	44	6	10	0	0	0	0	1	0	0	0	0
-0.6060514	7.78918	1.941837	9.029005	1.609836	6.69773	3.573096	0.9991268	7.959198	7	45	7	10	0	0	0	0	0	1	0	0	0
1.244817	2.595553	2.356732	8.346845	-3.160084	11.1681	3.714711	0.4851128	7.829751	7	46	8	10	0	0	0	0	0	0	1	0	0
1.493934	2.005795	2.087685	11.07862	-4.01313	10.51324	3.827317	1.298269	7.873829	7	47	9	10	0	0	0	0	0	0	0	1	0
1.0579	1.091923	1.815982	7.989204	13.27255	15.50876	3.852278	0.6561238	7.950876	7	48	10	10	0	0	0	0	0	0	0	0	1
7.81106	2.444952	5.306338	18.9294	5.444168	6.592045	4.696829	1.506792	7.333054	8	49	1	6	0	0	0	0	0	0	0	0	0
4.737039	2.489231	3.97509	18.71527	6.06013	17.87392	4.724739	0.2749231	7.790017	8	50	2	6	1	0	0	0	0	0	0	0	0
9.245778	2.257797	3.687086	13.58991	1.661596	22.49445	4.723488	1.824939	8.021684	8	51	3	6	0	1	0	0	0	0	0	0	0
2.414568	2.552565	2.640368	19.63999	1.385818	8.943618	4.58462	2.514549	8.373051	8	52	4	6	0	0	1	0	0	0	0	0	0
1.448546	2.168368	1.583097	18.27217	0.8583702	16.67442	4.567472	1.804291	8.660164	8	53	5	6	0	0	0	1	0	0	0	0	0
7.603124	2.06255	0.0263794	16.09687	-0.5584599	9.775998	4.47705	2.399143	8.746391	8	54	6	6	0	0	0	0	1	0	0	0	0
7.463909	2.994732	2.65159	23.6847	-10.31452	6.10198	2.568692	0.5352816	8.140228	9	55	1	7	0	0	0	0	0	0	0	0	0
3.589608	3.780957	2.493564	25.36406	6.980636	3.518265	2.549945	0.048415	8.457219	9	56	2	7	1	0	0	0	0	0	0	0	0
-1.019958	4.885843	2.32009	19.14995	24.19492	29.24856	2.482458	-0.5815177	8.707644	9	57	3	7	0	1	0	0	0	0	0	0	0
3.933683	6.277132	1.990302	16.85437	2.039586	17.50702	2.447759	-0.8030376	8.74789	9	58	4	7	0	0	1	0	0	0	0	0	0
-0.9515652	7.418906	1.619568	14.73942	-3.076018	12.66927	2.693118	0.5736126	8.857635	9	59	5	7	0	0	0	1	0	0	0	0	0
0.1358329	2.962796	1.483304	16.61908	-2.972722	7.855539	3.069331	0.2952754	8.82469	9	60	6	7	0	0	0	0	1	0	0	0	0
1.532628	2.166536	1.266175	14.52336	8.63112	21.75251	3.31242	1.789964	8.849703	9	61	7	7	0	0	0	0	0	1	0	0	0
1.054969	0.2881819	1.591962	5.650508	11.46721	3.883694	3.65255	1.333634	6.526443	10	62	1	8	0	0	0	0	0	0	0	0	0
0.3260913	1.237214	1.880609	8.724285	0.3300878	3.386922	3.815889	1.220366	6.50801	10	63	2	8	1	0	0	0	0	0	0	0	0
0.4147822	2.543333	2.242457	9.732641	-2.0408	2.399812	4.111566	2.325882	6.541156	10	64	3	8	0	1	0	0	0	0	0	0	0
0.7914212	2.193217	2.495765	11.77516	7.639778	5.172117	4.204578	1.399293	6.558924	10	65	4	8	0	0	1	0	0	0	0	0	0
3.407672	0.0751074	2.785844	9.763813	1.84088	5.803871	3.9961	2.153498	6.649393	10	66	5	8	0	0	0	1	0	0	0	0	0
-0.441816	1.625705	3.20426	9.066806	4.41183	3.687539	3.883826	2.004601	6.737889	10	67	6	8	0	0	0	0	1	0	0	0	0
1.401173	1.378766	2.907067	11.57687	-4.067026	3.556734	3.823153	1.658827	6.740553	10	68	7	8	0	0	0	0	0	1	0	0	0
3.393295	0.5329784	2.813998	9.395478	0.3701739	1.45346	3.812336	1.790888	6.741599	10	69	8	8	0	0	0	0	0	0	1	0	0
0.9591992	1.126876	2.283289	2.564934	-6.153534	5.174307	2.392397	-0.4912594	6.434278	11	70	1	8	0	0	0	0	0	0	0	0	0
4.832668	1.765073	0.7645958	2.025922	-1.440516	13.62951	2.352453	-0.3352062	6.489964	11	71	2	8	1	0	0	0	0	0	0	0	0
2.899297	2.888592	2.289516	3.567741	9.328658	22.73427	2.499192	0.3021319	6.685428	11	72	3	8	0	1	0	0	0	0	0	0	0
-1.115101	2.151995	3.074594	5.200107	-1.641196	4.996617	2.567333	0.4463808	6.779159	11	73	4	8	0	0	1	0	0	0	0	0	0
2.784793	1.748852	3.180113	4.705364	-0.9202341	6.583698	2.357114	0.0366922	6.797497	11	74	5	8	0	0	0	1	0	0	0	0	0
-2.358429	2.136531	1.105402	4.00042	-0.9268261	3.236988	2.436711	0.367838	6.874183	11	75	6	8	0	0	0	0	1	0	0	0	0
-0.4490167	2.920038	-0.503891	4.404997	14.85225	12.93188	2.831176	0.2705449	6.916067	11	76	7	8	0	0	0	0	0	1	0	0	0
-0.2556253	2.327668	2.400829	5.941249	5.024262	8.152357	3.652822	1.084728	6.679838	11	77	8	8	0	0	0	0	0	0	1	0	0
0.554	2.209812	2.196207	5.753976	3.192236	14.72659	4.432388	1.445475	7.55979	12	78	1	7	0	0	0	0	0	0	0	0	0
2.020812	2.437466	2.842858	5.791866	-7.344156	6.252289	4.413151	0.9960302	7.569803	12	79	2	7	1	0	0	0	0	0	0	0	0
8.472648	2.510249	3.039169	5.411228	11.24136	14.34053	4.130047	2.585969	7.635067	12	80	3	7	0	1	0	0	0	0	0	0	0
-3.711243	1.772577	3.019249	5.707257	2.89315	12.93795	3.825975	1.357016	7.982627	12	81	4	7	0	0	1	0	0	0	0	0	0
-4.451104	1.887676	2.58855	4.880652	0.0851	11.469	3.80494	0.5189734	8.061416	12	82	5	7	0	0	0	1	0	0	0	0	0
2.191928	1.518199	2.26433	4.070856	-2.298252	9.29403	3.901406	-0.0365599	7.789217	12	83	6	7	0	0	0	0	1	0	0	0	0
3.269203	0.6237971	2.068318	4.425181	-0.1636241	8.904344	3.906618	-0.1647194	7.723885	12	84	7	7	0	0	0	0	0	1	0	0	0
5.449632	2.871868	1.459587	16.57208	15.84919	8.439406	4.381196	1.307055	7.542386	13	85	1	5	0	0	0	0	0	0	0	0	0
3.601201	1.748852	1.764141	14.49845	-6.078618	5.680114	4.330601	1.376865	7.694525	13	86	2	5	1	0	0	0	0	0	0	0	0
1.057251	1.873647	1.703012	15.63412	1.090134	2.526814	4.360007	2.019647	7.946263	13	87	3	5	0	1	0	0	0	0	0	0	0
7.609237	1.844352	1.259956	15.59441	6.12578	5.521855	4.422735	1.357861	8.010124	13	88	4	5	0	0	1	0	0	0	0	0	0
3.69106	-0.59	1.21356	12.46214	6.661904	3.245466	4.58536	2.700559	8.271632	13	89	5	5	0	0	0	1	0	0	0	0	0
3.294901	2.442347	2.075488	9.655924	1.839074	9.062819	4.028245	1.605648	6.919355	14	90	1	6	0	0	0	0	0	0	0	0	0
-2.187532	2.486073	2.213166	6.530891	0.9934521	3.670191	4.206646	1.033213	7.001298	14	91	2	6	1	0	0	0	0	0	0	0	0
-0.1040684	-0.5	2.162082	8.450628	0.0939841	4.706347	4.230471	1.210191	6.939945	14	92	3	6	0	1	0	0	0	0	0	0	0
-4.871351	1.26582	2.847719	7.757046	6.541288	12.76612	4.23	0.5066447	6.922813	14	93	4	6	0	0	1	0	0	0	0	0	0
3.622034	1.445506	1.861813	8.141891	-0.4591038	5.629182	3.981409	2.83687	6.758882	14	94	5	6	0	0	0	1	0	0	0	0	0
-0.5424798	0.8259283	1.615966	4.528938	-4.406358	8.912235	3.056282	1.246186	6.715686	14	95	6	6	0	0	0	0	1	0	0	0	0
-0.9109734	1.92629	2.26254	6.488431	-1.53531	3.961502	3.973602	0.8937527	6.94404	15	96	1	7	0	0	0	0	0	0	0	0	0
-5.256071	2.119864	2.169256	9.48934	-4.938734	3.785876	3.936784	0.5516998	6.827301	15	97	2	7	1	0	0	0	0	0	0	0	0
1.675226	1.487948	2.448818	8.75961	10.33814	10.28331	3.964967	0.1236597	6.771061	15	98	3	7	0	1	0	0	0	0	0	0	0
5.008623	-13.312	2.629779	7.170037	-6.480644	4.92735	4.0368	0.0605466	6.485597	15	99	4	7	0	0	1	0	0	0	0	0	0
-0.766234	1.947052	3.451193	7.152694	1.542236	1.736741	4.054872	-0.1061599	6.748972	15	100	5	7	0	0	0	1	0	0	0	0	0
0.5698018	1.533852	3.334949	7.682851	3.910134	5.936328	4.062683	1.1995	6.766619	15	101	6	7	0	0	0	0	1	0	0	0	0
6.562734	1.052917	3.283621	23.11531	45.6632	87.07788	4.500798	3.060318	6.764868	15	102	7	7	0	0	0	0	0	1	0	0	0
3.153852	3.205426	2.397442	29.96346	-2.021202	6.983412	3.136381	-0.0545045	8.457388	16	103	1	9	0	0	0	0	0	0	0	0	0
2.376803	3.238129	2.003734	19.42699	4.393586	3.766827	3.188394	0.1028853	8.57204	16	104	2	9	1	0	0	0	0	0	0	0	0
0.1605574	5.291917	1.838747	16.16481	-1.023548	12.34711	3.203646	0.3407675	8.66232	16	105	3	9	0	1	0	0	0	0	0	0	0
1.356555	5.013245	1.626014	12.63893	-1.355142	14.14887	3.364843	1.426679	8.744043	16	106	4	9	0	0	1	0	0	0	0	0	0
-1.745908	3.108168	1.692792	15.25821	4.915628	18.68515	3.567065	0.8762747	8.63932	16	107	5	9	0	0	0	1	0	0	0	0	0
4.068493	3.012294	1.664384	14.30287	4.103784	6.64472	3.618842	1.240769	8.722991	16	108	6	9	0	0	0	0	1	0	0	0	0
5.391571	2.861172	1.64836	18.68967	-1.369092	8.852049	3.849108	0.8908882	8.741299	16	109	7	9	0	0	0	0	0	1	0	0	0
4.176339	1.798073	1.354445	23.00248	1.071106	9.251199	4.053169	1.030141	9.006124	16	110	8	9	0	0	0	0	0	0	1	0	0
2.629573	1.012328	1.124064	21.17147	3.371648	9.102935	4.165105	1.360039	9.28512	16	111	9	9	0	0	0	0	0	0	0	1	0
3.982994	-0.842	2.448742	24.93796	-4.059876	13.33545	2.354836	1.337941	6.124201	17	112	1	7	0	0	0	0	0	0	0	0	0
5.271413	0.1889661	1.524427	26.3744	-0.54701	6.914754	2.847093	1.892465	6.287008	17	113	2	7	1	0	0	0	0	0	0	0	0
7.908246	1.210154	1.370488	24.84909	2.434756	11.80297	3.719516	1.314104	6.456517	17	114	3	7	0	1	0	0	0	0	0	0	0
7.306186	2.560632	1.528032	27.80361	0.020476	11.52676	3.728705	1.460292	6.785022	17	115	4	7	0	0	1	0	0	0	0	0	0
10.44531	2.418589	1.233715	25.61534	5.092972	14.21649	3.875631	1.759883	7.216899	17	116	5	7	0	0	0	1	0	0	0	0	0
8.538869	1.638608	0.9733781	28.68403	0.7734581	6.040924	3.637915	1.980763	7.602636	17	117	6	7	0	0	0	0	1	0	0	0	0
7.635994	0.0392207	0.6629564	29.7731	-1.3835	1.568453	3.893928	1.805482	8.072434	17	118	7	7	0	0	0	0	0	1	0	0	0
0.3645311	2.145229	3.253056	13.77561	3.883716	14.04687	3.365583	1.085289	7.854453	18	119	1	10	0	0	0	0	0	0	0	0	0
2.112765	2.55955	3.209698	12.20182	-5.54608	4.61761	3.261002	0.1483798	7.913249	18	120	2	10	1	0	0	0	0	0	0	0	0
1.773059	2.250871	2.899568	11.78682	1.527714	10.67874	3.219594	0.193894	7.98555	18	121	3	10	0	1	0	0	0	0	0	0	0
3.797451	2.699884	2.484383	12.66159	1.397822	10.49115	3.247413	0.1912852	8.062338	18	122	4	10	0	0	1	0	0	0	0	0	0
3.131203	3.167161	1.985882	11.8118	4.459406	6.073645	3.215229	0.3919792	8.235817	18	123	5	10	0	0	0	1	0	0	0	0	0
0.3354317	3.130875	2.203456	13.48906	-1.971832	12.43819	3.288975	0.2327003	8.380616	18	124	6	10	0	0	0	0	1	0	0	0	0
2.11518	3.17947	2.106368	11.17878	8.434688	16.39099	3.285543	-0.1580152	8.47587	18	125	7	10	0	0	0	0	0	1	0	0	0
1.514187	3.280986	2.010933	12.7017	-8.415196	29.28462	3.580284	1.844069	8.53786	18	126	8	10	0	0	0	0	0	0	1	0	0
1.057546	2.881779	1.855937	12.95376	7.848986	12.56877	3.768249	0.7845157	8.621976	18	127	9	10	0	0	0	0	0	0	0	1	0
0.3652023	1.98979	1.635624	9.746094	-0.857722	8.115818	3.735898	0.1844042	8.712071	18	128	10	10	0	0	0	0	0	0	0	0	1
3.358015	1.58145	2.659011	31.14178	5.844394	2.792825	4.667697	2.107021	7.001488	19	129	1	7	0	0	0	0	0	0	0	0	0
6.506035	2.435716	3.627251	22.52315	12.53772	20.0821	4.385985	2.46954	7.239189	19	130	2	7	1	0	0	0	0	0	0	0	0
9.703768	2.43799	3.89228	36.67437	-0.4528261	16.80309	4.287514	1.505547	7.413044	19	131	3	7	0	1	0	0	0	0	0	0	0
-4.064853	1.324951	2.78524	15.66919	14.07996	34.8947	4.126641	1.335453	7.912676	19	132	4	7	0	0	1	0	0	0	0	0	0
-3.528509	2.567561	2.550905	10.2702	-6.297204	20.37883	4.084227	1.850399	7.840001	19	133	5	7	0	0	0	1	0	0	0	0	0
-2.518013	2.048209	2.193795	6.963397	6.251124	15.2101	4.311713	2.802325	7.750397	19	134	6	7	0	0	0	0	1	0	0	0	0
0.3564167	0.2118804	1.994985	11.05262	-2.212316	18.41695	4.836322	2.025952	7.662915	19	135	7	7	0	0	0	0	0	1	0	0	0
1.853741	0.7495275	3.845689	6.464339	-4.754846	7.616449	3.365883	0.160402	8.170892	20	136	1	10	0	0	0	0	0	0	0	0	0
1.477819	0.8878913	3.714066	6.297536	2.043308	3.156376	3.341366	-0.3213571	8.337359	20	137	2	10	1	0	0	0	0	0	0	0	0
3.173664	0.397433	3.215531	6.581368	-0.138932	6.218273	3.497493	1.017542	8.4017	20	138	3	10	0	1	0	0	0	0	0	0	0
3.20259	2.444258	2.805503	7.975384	-3.174954	6.437162	3.766779	0.2541131	8.547223	20	139	4	10	0	0	1	0	0	0	0	0	0
2.477645	2.084927	3.126464	9.282239	1.164506	4.873746	3.828409	1.11351	8.693061	20	140	5	10	0	0	0	1	0	0	0	0	0
-2.669814	3.636955	2.587876	7.512888	7.618376	13.57611	3.744895	0.9353216	8.817826	20	141	6	10	0	0	0	0	1	0	0	0	0
0.4602771	2.785998	2.826483	9.164804	-1.931404	5.693925	3.914656	1.839323	8.755381	20	142	7	10	0	0	0	0	0	1	0	0	0
2.376615	2.921547	2.347944	9.579966	0.720332	5.699509	4.222126	1.695761	8.732664	20	143	8	10	0	0	0	0	0	0	1	0	0
3.253332	2.716812	1.931655	9.305126	4.59688	7.782065	4.441578	2.422533	8.801878	20	144	9	10	0	0	0	0	0	0	0	1	0
1.0095	2.363492	1.697724	10.64759	-4.012126	8.007491	4.542925	0.600736	8.93554	20	145	10	10	0	0	0	0	0	0	0	0	1
2.556647	1.329195	4.761665	10.38666	-0.7909001	9.304172	4.251019	0.8548489	7.282375	21	146	1	8	0	0	0	0	0	0	0	0	0
0.444264	1.98897	4.814045	11.2613	-2.310824	5.834271	4.444	2.378069	7.450373	21	147	2	8	1	0	0	0	0	0	0	0	0
4.679456	2.779068	3.783479	14.02948	-4.375606	11.18948	4.529619	1.470745	7.592945	21	148	3	8	0	1	0	0	0	0	0	0	0
-1.691406	2.104134	3.604866	9.577371	10.1686	24.16603	4.480301	1.81095	7.719386	21	149	4	8	0	0	1	0	0	0	0	0	0
3.518806	1.666196	3.60487	4.005866	-4.751838	15.42155	4.203696	2.520873	7.686722	21	150	5	8	0	0	0	1	0	0	0	0	0
-5.230106	1.89732	3.771159	3.776989	3.918274	9.472627	4.050648	0.624772	7.757821	21	151	6	8	0	0	0	0	1	0	0	0	0
2.14166	1.65937	2.51351	5.572395	-1.752972	1.612039	4.363647	2.043888	7.674613	21	152	7	8	0	0	0	0	0	1	0	0	0
-1.147658	1.07432	2.161404	4.166514	2.618238	12.29072	4.255055	0.764394	7.646488	21	153	8	8	0	0	0	0	0	0	1	0	0
9.068673	1.878549	-1.115908	22.45876	2.10896	6.156898	4.404787	2.383136	8.676178	22	154	1	6	0	0	0	0	0	0	0	0	0
4.951695	2.121782	1.124701	23.17451	3.133814	3.703607	4.596617	1.789425	8.769595	22	155	2	6	1	0	0	0	0	0	0	0	0
6.435596	1.178039	0.9516336	19.29724	1.256494	4.732441	4.561548	1.838781	9.120509	22	156	3	6	0	1	0	0	0	0	0	0	0
3.006579	1.633154	1.612201	17.74221	3.30808	8.541789	4.607375	1.53563	9.38947	22	157	4	6	0	0	1	0	0	0	0	0	0
4.625279	0.9608815	0.7306606	13.45652	-1.230176	3.124031	4.647245	0.7444279	9.626992	22	158	5	6	0	0	0	1	0	0	0	0	0
2.444601	1.121678	0.705318	12.61503	-0.810842	2.709919	4.667353	1.300543	9.817995	22	159	6	6	0	0	0	0	1	0	0	0	0
-0.6524776	2.683211	0.2756088	9.71936	-4.01062	6.235973	4.743028	1.46837	8.368237	23	160	1	6	0	0	0	0	0	0	0	0	0
6.559161	2.286049	-0.2390499	14.84733	12.31721	15.162	4.731417	2.505126	8.244607	23	161	2	6	1	0	0	0	0	0	0	0	0
3.556257	1.369657	-0.4243532	11.92395	2.788592	14.74153	4.708806	2.586465	8.396071	23	162	3	6	0	1	0	0	0	0	0	0	0
3.988369	1.151205	-0.1953094	13.48541	3.195482	2.003848	4.830967	2.744542	8.641233	23	163	4	6	0	0	1	0	0	0	0	0	0
3.552611	0.4226499	-0.0846938	11.57784	-2.89599	3.741599	4.815176	1.583908	8.805154	23	164	5	6	0	0	0	1	0	0	0	0	0
-1.628634	0.2086389	-0.6708412	10.19153	-6.811966	3.680573	4.71933	1.922268	8.943212	23	165	6	6	0	0	0	0	1	0	0	0	0
6.265465	0.9074517	3.357921	5.796571	-4.081024	32.53961	3.648749	0.8957537	7.551111	24	166	1	9	0	0	0	0	0	0	0	0	0
-1.534204	-0.878	3.114906	6.655577	0.94722	5.800813	3.575565	1.363797	7.758437	24	167	2	9	1	0	0	0	0	0	0	0	0
7.042039	2.180644	2.746808	10.82985	0.3029301	8.172029	3.761883	1.124701	7.775258	24	168	3	9	0	1	0	0	0	0	0	0	0
1.26586	2.25696	2.476996	13.07441	3.873534	8.274268	3.900761	0.948176	8.024322	24	169	4	9	0	0	1	0	0	0	0	0	0
3.639478	2.445646	2.329578	9.834908	3.312014	7.750142	3.654771	1.999672	8.160734	24	170	5	9	0	0	0	1	0	0	0	0	0
0.2706426	3.408173	2.135993	10.21548	-2.210672	4.012658	3.640503	0.9898666	8.350023	24	171	6	9	0	0	0	0	1	0	0	0	0
2.455605	3.138186	1.830298	10.65069	3.015014	5.882404	3.705409	-0.2782789	8.364406	24	172	7	9	0	0	0	0	0	1	0	0	0
4.679623	2.015969	1.619097	13.14235	-1.171432	5.332366	3.725684	0.6788172	8.415257	24	173	8	9	0	0	0	0	0	0	1	0	0
2.510998	3.003006	1.448793	14.55098	4.186346	10.87021	3.620059	1.255782	8.630169	24	174	9	9	0	0	0	0	0	0	0	1	0
1.980693	1.308873	2.970075	28.03412	-3.787684	4.147	3.917551	0.5432029	7.708961	25	175	1	9	0	0	0	0	0	0	0	0	0
0.6270773	1.525621	3.025039	28.19031	-3.038226	7.833249	3.969141	1.081106	7.786972	25	176	2	9	1	0	0	0	0	0	0	0	0
8.960981	2.446166	2.97437	27.36125	13.52357	24.46119	4.092763	1.931768	7.842647	25	177	3	9	0	1	0	0	0	0	0	0	0
4.458534	2.50078	2.904749	29.42599	-0.193472	9.807666	4.143787	1.241994	8.07552	25	178	4	9	0	0	1	0	0	0	0	0	0
-0.8237419	3.221752	2.757292	24.02014	6.65095	17.30359	3.965297	1.657444	8.427152	25	179	5	9	0	0	0	1	0	0	0	0	0
-0.8943128	3.758312	2.628213	19.16178	-5.623038	17.91225	3.969605	0.7221379	8.494658	25	180	6	9	0	0	0	0	1	0	0	0	0
0.2932357	3.802655	2.44264	17.72765	4.536878	6.841647	4.099404	1.534854	8.4207	25	181	7	9	0	0	0	0	0	1	0	0	0
-0.7765274	3.503995	2.225582	16.14177	10.98087	25.22257	4.244227	1.233491	8.408985	25	182	8	9	0	0	0	0	0	0	1	0	0
0.8084892	3.446298	1.907545	18.03704	-5.362792	22.00274	4.300365	1.367495	8.410923	25	183	9	9	0	0	0	0	0	0	0	1	0
4.499511	-0.5139999	2.408492	14.78486	-6.27324	9.393751	4.461132	2.363862	7.202101	26	184	1	9	0	0	0	0	0	0	0	0	0
1.515149	1.660511	2.224021	13.65096	0.300146	2.745233	4.410417	1.979103	7.337951	26	185	2	9	1	0	0	0	0	0	0	0	0
0.5440359	1.574018	1.898353	9.107317	-6.925976	8.215964	4.42998	1.449652	7.47919	26	186	3	9	0	1	0	0	0	0	0	0	0
4.396079	2.373975	2.641969	12.0264	3.517102	7.351879	4.521693	1.877298	7.556743	26	187	4	9	0	0	1	0	0	0	0	0	0
3.684364	2.761022	3.308961	11.76821	0.7608141	3.714045	4.353758	2.11985	7.670878	26	188	5	9	0	0	0	1	0	0	0	0	0
3.120925	2.940008	2.624581	9.249974	-2.03836	5.294995	4.069225	2.118193	7.885489	26	189	6	9	0	0	0	0	1	0	0	0	0
2.323764	2.644613	2.321784	5.553133	8.846758	12.10977	3.916109	0.8712149	8.028386	26	190	7	9	0	0	0	0	0	1	0	0	0
3.874839	1.931811	2.18801	5.616702	-4.446346	8.849772	3.793405	0.9283769	8.172038	26	191	8	9	0	0	0	0	0	0	1	0	0
2.07117	1.546285	1.974575	4.886717	12.41845	19.736	3.681099	1.32046	8.325055	26	192	9	9	0	0	0	0	0	0	0	1	0
1.047472	0.1972101	3.006554	5.726674	-2.281084	6.252903	3.596199	0.2338153	7.919896	27	193	1	10	0	0	0	0	0	0	0	0	0
2.235245	-0.858	3.155962	7.473366	-2.10188	8.533825	3.682822	1.290988	8.0115	27	194	2	10	1	0	0	0	0	0	0	0	0
1.843276	-0.382	3.479491	7.09148	0.700982	4.041856	3.736775	0.9316744	8.05699	27	195	3	10	0	1	0	0	0	0	0	0	0
1.631433	1.726332	2.744812	7.65349	-1.797724	9.547275	3.706469	1.010695	8.199271	27	196	4	10	0	0	1	0	0	0	0	0	0
1.494472	2.577941	2.56538	9.905828	6.248398	10.52458	3.816581	1.422216	8.252296	27	197	5	10	0	0	0	1	0	0	0	0	0
-3.121035	2.620602	0.3568813	6.261005	-4.660452	10.64794	3.652302	1.231225	8.374855	27	198	6	10	0	0	0	0	1	0	0	0	0
0.0125826	3.148625	1.799504	6.691962	-5.275218	10.4388	3.511483	0.4607041	8.225059	27	199	7	10	0	0	0	0	0	1	0	0	0
3.128917	2.756459	1.738461	7.756238	0.708002	3.660377	3.674334	1.66741	8.216206	27	200	8	10	0	0	0	0	0	0	1	0	0
1.983843	1.70001	1.906721	8.57174	3.637486	4.913763	4.033521	1.719453	8.282265	27	201	9	10	0	0	0	0	0	0	0	1	0
0.2604195	1.061948	1.854165	8.596375	-2.030458	1.593436	4.270558	0.7038926	8.431765	27	202	10	10	0	0	0	0	0	0	0	0	1
-4.355643	3.55306	7.353626	1.604794	11.49624	13.38862	3.276675	-0.5821006	7.772882	28	203	1	5	0	0	0	0	0	0	0	0	0
-2.879517	2.118181	2.684669	1.817611	0.5358924	11.28246	3.369782	1.872338	7.511573	28	204	2	5	1	0	0	0	0	0	0	0	0
-6.523709	1.80632	2.598363	4.920376	4.910956	11.46238	3.389471	2.951758	7.340383	28	205	3	5	0	1	0	0	0	0	0	0	0
47.08734	1.966833	2.542636	36.69306	24.56356	26.49827	5.046036	3.417481	7.294702	28	206	4	5	0	0	1	0	0	0	0	0	0
21.48139	1.880076	2.454749	27.13069	21.9853	50.4371	5.158928	3.428283	8.078845	28	207	5	5	0	0	0	1	0	0	0	0	0
2.353039	-0.388	2.066276	3.959138	4.479818	10.54921	3.210349	0.2673871	6.022371	29	208	1	8	0	0	0	0	0	0	0	0	0
0.776246	1.485234	2.177248	3.131661	-1.737278	17.72668	3.202793	0.4712546	6.130048	29	209	2	8	1	0	0	0	0	0	0	0	0
-0.2825406	2.798378	2.101595	2.319052	-0.416722	9.782015	3.389146	0.495869	6.202729	29	210	3	8	0	1	0	0	0	0	0	0	0
-0.924924	1.578979	2.155705	3.221414	-5.62537	6.968349	3.555079	-0.0400028	6.193125	29	211	4	8	0	0	1	0	0	0	0	0	0
-0.4214814	1.468796	2.903369	4.245838	3.133224	5.005334	3.384547	1.26992	6.220039	29	212	5	8	0	0	0	1	0	0	0	0	0
7.250602	2.526209	3.249932	3.179088	-2.747786	8.062982	2.954226	0.7677634	6.080616	29	213	6	8	0	0	0	0	1	0	0	0	0
4.007164	1.273685	2.47676	4.774568	1.870702	7.987257	3.246654	2.322006	6.269366	29	214	7	8	0	0	0	0	0	1	0	0	0
0.6930182	1.104594	2.152827	4.088056	-4.271142	4.437333	3.866215	0.3576624	6.497008	29	215	8	8	0	0	0	0	0	0	1	0	0
3.730944	2.206515	1.95203	17.0049	-0.0170119	4.057996	4.586963	1.609242	8.178631	30	216	1	6	0	0	0	0	0	0	0	0	0
-1.431429	2.190312	1.954594	18.35847	2.450182	8.237157	4.558558	1.207801	8.333657	30	217	2	6	1	0	0	0	0	0	0	0	0
-1.106708	1.786077	1.325586	11.21552	2.353518	3.918087	4.658799	2.926603	8.374607	30	218	3	6	0	1	0	0	0	0	0	0	0
3.763782	1.633154	0.9143224	10.77283	-1.431818	2.65575	4.797813	2.178962	8.326962	30	219	4	6	0	0	1	0	0	0	0	0	0
-0.2485687	1.179885	1.385036	10.52539	1.583572	5.070507	4.904535	2.383304	8.504243	30	220	5	6	0	0	0	1	0	0	0	0	0
1.903909	0.9646999	1.309005	11.3593	-3.183154	11.83003	4.977044	1.697597	8.475419	30	221	6	6	0	0	0	0	1	0	0	0	0
5.731097	0.9843232	1.501382	10.51711	-2.627738	7.217883	4.580975	2.097126	9.029395	31	222	1	8	0	0	0	0	0	0	0	0	0
9.470606	1.772916	3.480836	8.311509	7.443532	15.81518	4.876485	3.303313	9.398049	31	223	2	8	1	0	0	0	0	0	0	0	0
-4.198362	2.787231	3.913692	5.633702	4.980798	25.27683	5.089478	2.453356	9.764472	31	224	3	8	0	1	0	0	0	0	0	0	0
-0.4798833	2.384534	2.212706	5.367155	0.3277579	25.30383	5.059968	1.692879	9.911298	31	225	4	8	0	0	1	0	0	0	0	0	0
-2.7643	0.7561219	2.686465	4.695407	-0.0830763	18.99112	4.85525	3.296465	9.579927	31	226	5	8	0	0	0	1	0	0	0	0	0
2.169226	1.532557	2.529971	3.997459	8.684286	9.88362	4.636505	1.428724	9.463766	31	227	6	8	0	0	0	0	1	0	0	0	0
-3.952394	1.016679	2.723056	5.502592	-4.709752	25.05698	4.669444	1.710065	9.482346	31	228	7	8	0	0	0	0	0	1	0	0	0
-3.583425	0.060154	2.419068	6.369839	1.771732	12.40652	4.660503	1.932074	9.438486	31	229	8	8	0	0	0	0	0	0	1	0	0
5.378747	0.8804563	3.301073	2.279239	-0.572726	3.1961	4.8467	2.456227	6.535128	32	230	1	8	0	0	0	0	0	0	0	0	0
0.900982	1.645963	3.301067	1.925555	2.772234	4.122299	4.75728	2.651151	6.783396	32	231	2	8	1	0	0	0	0	0	0	0	0
-1.305568	2.64376	3.301069	4.878059	-8.062322	20.51043	4.799527	3.228238	6.794969	32	232	3	8	0	1	0	0	0	0	0	0	0
1.595607	2.422322	3.395147	9.576073	7.764744	6.736168	4.957941	2.464296	6.855422	32	233	4	8	0	0	1	0	0	0	0	0	0
-0.1367219	3.164462	3.836132	7.476864	1.36258	1.763654	4.463579	2.072212	6.827966	32	234	5	8	0	0	0	1	0	0	0	0	0
-1.988172	2.040441	3.791473	10.68793	-2.043914	4.050245	5.063004	4.163251	6.817983	32	235	6	8	0	0	0	0	1	0	0	0	0
2.4001	1.194528	3.486156	13.86059	0.149438	3.627549	5.503047	4.590117	6.777087	32	236	7	8	0	0	0	0	0	1	0	0	0
1.302154	2.185152	3.111728	9.569582	3.545002	14.315	4.675685	2.387661	6.710639	32	237	8	8	0	0	0	0	0	0	1	0	0
15.32203	2.229369	2.972118	26.953	4.297417	14.61893	5.883056	5.764581	6.344355	33	238	1	8	0	0	0	0	0	0	0	0	0
9.225783	2.459076	1.939537	10.76194	2.969181	27.04426	4.989129	3.544217	6.520436	33	239	2	8	1	0	0	0	0	0	0	0	0
-0.2084829	4.189291	1.891477	9.578109	4.514729	7.542468	4.770714	3.108855	7.118998	33	240	3	8	0	1	0	0	0	0	0	0	0
-1.783503	4.252544	3.377577	5.006086	-4.564046	13.27863	4.133863	3.077852	7.001953	33	241	4	8	0	0	1	0	0	0	0	0	0
1.430515	3.267895	3.146106	4.463161	-1.462772	4.98578	4.096791	1.304497	7.015884	33	242	5	8	0	0	0	1	0	0	0	0	0
0.2921517	3.137058	2.892328	5.46836	0.134518	5.690771	4.261781	1.797462	7.000053	33	243	6	8	0	0	0	0	1	0	0	0	0
1.046207	3.471594	2.096236	7.031598	0.3852561	5.811718	4.665816	2.960488	7.067175	33	244	7	8	0	0	0	0	0	1	0	0	0
4.578472	3.110934	1.759066	5.579266	2.891202	7.183739	4.543456	1.399907	7.090686	33	245	8	8	0	0	0	0	0	0	1	0	0
3.686388	2.487902	0.1279072	21.16636	1.52099	5.029545	4.746614	2.682969	8.100647	34	246	1	5	0	0	0	0	0	0	0	0	0
0.2724063	0.8569652	0.1995123	19.8216	1.82241	4.107297	4.629798	1.768817	8.194197	34	247	2	5	1	0	0	0	0	0	0	0	0
2.467605	1.145496	-0.4859767	22.87452	3.802946	4.422727	4.63984	2.260076	8.304282	34	248	3	5	0	1	0	0	0	0	0	0	0
4.415075	0.3534698	-0.2486186	24.67747	1.189144	10.49015	4.713373	2.407088	8.388342	34	249	4	5	0	0	1	0	0	0	0	0	0
2.210519	0.3970969	0.0173511	27.39764	-6.420726	11.06248	4.75571	2.508446	8.535666	34	250	5	5	0	0	0	1	0	0	0	0	0
1.643582	-0.554	2.973922	9.941517	-4.594338	10.85207	3.783592	0.9520685	7.739836	35	251	1	10	0	0	0	0	0	0	0	0	0
1.703001	-0.946	2.898741	7.09305	-0.8315759	1.739771	3.805855	1.731116	7.754	35	252	2	10	1	0	0	0	0	0	0	0	0
2.948978	-0.12	2.883639	8.202391	4.396064	8.26826	3.973708	0.1955839	7.862739	35	253	3	10	0	1	0	0	0	0	0	0	0
2.696617	1.878243	3.122868	8.336401	-2.61948	7.607285	3.916733	0.6566785	7.969234	35	254	4	10	0	0	1	0	0	0	0	0	0
2.255308	2.413053	3.206229	10.2837	-0.2083659	7.253083	3.999742	1.260347	8.121722	35	255	5	10	0	0	0	1	0	0	0	0	0
-1.790871	1.808617	2.988536	7.114624	1.47442	7.263058	3.621959	1.969902	8.225076	35	256	6	10	0	0	0	0	1	0	0	0	0
-0.7153458	2.892148	2.926834	5.752463	-0.0870756	16.32247	3.403787	1.125291	8.253036	35	257	7	10	0	0	0	0	0	1	0	0	0
0.4107628	3.064512	2.876167	7.361654	-1.163	8.776592	3.610724	1.417278	8.15146	35	258	8	10	0	0	0	0	0	0	1	0	0
1.499528	2.092605	2.886865	6.425231	-0.279234	4.500071	3.806976	1.33927	8.161372	35	259	9	10	0	0	0	0	0	0	0	1	0
0.0832315	1.931811	2.713177	6.071251	-0.1474238	4.031714	3.895849	-0.4314252	8.216042	35	260	10	10	0	0	0	0	0	0	0	0	1
0.9086813	3.799839	2.786523	22.92813	45.77816	5.085565	4.703259	3.179437	6.446022	36	261	1	3	0	0	0	0	0	0	0	0	0
-1.806502	3.407842	2.288523	13.71883	9.729704	8.372424	4.502075	2.692875	6.376291	36	262	2	3	1	0	0	0	0	0	0	0	0
4.802966	0.9297991	2.340297	5.705739	-5.585566	6.344658	4.545875	2.686373	6.405095	36	263	3	3	0	1	0	0	0	0	0	0	0
4.974252	2.097281	0.9083945	4.129041	1.112958	2.139238	3.119969	0.4551198	7.489819	37	264	1	6	0	0	0	0	0	0	0	0	0
-0.249225	2.354038	1.31218	4.419348	1.36797	6.851741	3.305652	0.544798	7.668858	37	265	2	6	1	0	0	0	0	0	0	0	0
-3.028517	0.9939922	2.149686	4.784244	-0.5810419	4.239781	3.261341	1.094347	7.786921	37	266	3	6	0	1	0	0	0	0	0	0	0
-2.420299	3.219676	1.766446	3.151445	-4.556474	6.578638	3.065665	1.064977	7.667652	37	267	4	6	0	0	1	0	0	0	0	0	0
2.598925	2.868467	1.683432	3.749064	2.090866	6.304585	3.593406	1.348083	7.522195	37	268	5	6	0	0	0	1	0	0	0	0	0
0.6677749	2.993931	1.564396	3.985341	-3.879786	4.081759	3.817648	0.3931571	7.552702	37	269	6	6	0	0	0	0	1	0	0	0	0
3.309977	0.1856494	3.232498	9.020743	2.269396	10.46123	4.408964	1.333972	7.443018	38	270	1	10	0	0	0	0	0	0	0	0	0
-1.196626	0.5247285	3.321107	9.129108	-2.728908	6.057094	4.399678	1.961064	7.439679	38	271	2	10	1	0	0	0	0	0	0	0	0
1.779014	0.7109871	3.316225	12.05371	0.1868379	4.09078	4.779668	2.249229	7.435731	38	272	3	10	0	1	0	0	0	0	0	0	0
0.4225799	1.677096	3.209586	11.45502	-3.090462	12.77834	4.794292	2.233321	7.516173	38	273	4	10	0	0	1	0	0	0	0	0	0
4.698891	2.068886	2.848036	13.40068	4.098352	4.928771	4.784482	1.906276	7.587447	38	274	5	10	0	0	0	1	0	0	0	0	0
-0.5285807	2.29112	2.912611	9.422028	-2.355972	5.743262	4.603964	2.738292	7.677914	38	275	6	10	0	0	0	0	1	0	0	0	0
1.272504	1.590867	2.616961	9.210258	1.995424	3.794524	4.541627	0.1513818	7.761215	38	276	7	10	0	0	0	0	0	1	0	0	0
-2.199649	2.980923	2.694592	14.37758	-1.485996	7.704078	4.55683	0.9525939	7.768849	38	277	8	10	0	0	0	0	0	0	1	0	0
0.0109779	3.281437	2.690568	17.61187	0.1588442	6.23554	4.586993	0.8560047	7.741459	38	278	9	10	0	0	0	0	0	0	0	1	0
1.346621	2.179513	2.445577	16.7033	-2.17222	3.724847	4.617579	1.596313	7.725841	38	279	10	10	0	0	0	0	0	0	0	0	1
6.092884	1.085189	1.973308	25.5851	4.705854	6.765052	4.455512	2.086252	8.281249	39	280	1	8	0	0	0	0	0	0	0	0	0
5.91932	2.101692	2.255155	22.35112	-0.766884	2.218382	4.529118	1.469558	8.69032	39	281	2	8	1	0	0	0	0	0	0	0	0
7.567716	2.020222	2.68879	24.946	-0.7953759	5.211431	4.514747	1.446411	8.984922	39	282	3	8	0	1	0	0	0	0	0	0	0
5.226315	2.474856	1.8331	26.11338	1.268508	3.904721	4.647316	1.754556	9.271058	39	283	4	8	0	0	1	0	0	0	0	0	0
5.850378	1.7613	0.9556529	22.20181	0.42553	0.9900228	4.957766	3.162129	9.590694	39	284	5	8	0	0	0	1	0	0	0	0	0
4.721215	2.257588	1.450348	23.49384	-1.656968	2.22419	5.368906	3.251159	9.848108	39	285	6	8	0	0	0	0	1	0	0	0	0
-0.8621116	1.371181	2.824869	27.46201	0.776864	3.132963	5.588546	0.8512789	10.09989	39	286	7	8	0	0	0	0	0	1	0	0	0
3.22418	-3	1.356984	23.31002	0.488142	2.033175	5.724958	3.270916	10.18792	39	287	8	8	0	0	0	0	0	0	1	0	0
3.992628	1.673351	0.3828714	22.07604	0.8601639	4.953526	3.951611	0.9313548	8.763707	40	288	1	6	0	0	0	0	0	0	0	0	0
1.974219	1.970463	-0.1352933	18.2266	3.222022	5.601663	3.9705	-0.1649764	8.972191	40	289	2	6	1	0	0	0	0	0	0	0	0
1.738899	2.374347	-0.4263636	15.86795	0.5218702	6.005021	4.04218	0.0270101	9.106839	40	290	3	6	0	1	0	0	0	0	0	0	0
-1.737915	3.238443	-0.1163501	14.05482	-5.201796	13.86765	4.078977	1.181574	9.210674	40	291	4	6	0	0	1	0	0	0	0	0	0
2.933182	2.938209	-0.1658992	20.62714	2.798636	1.786695	4.635193	3.070084	9.14533	40	292	5	6	0	0	0	1	0	0	0	0	0
4.735799	1.965993	-0.2471846	20.86185	-0.384978	2.661908	5.079575	2.449234	9.216183	40	293	6	6	0	0	0	0	1	0	0	0	0
0.8703272	1.35532	1.9394	8.095465	-2.742082	10.51651	3.226143	0.8652805	6.674928	41	294	1	10	0	0	0	0	0	0	0	0	0
3.59141	1.543298	2.094198	10.05547	-2.279518	3.538057	3.126364	-0.2137535	6.732358	41	295	2	10	1	0	0	0	0	0	0	0	0
2.396881	1.972691	2.27755	10.09856	7.397344	12.17993	2.944391	0.8126219	6.858241	41	296	3	10	0	1	0	0	0	0	0	0	0
-0.4729749	2.487736	2.28052	9.901192	-0.0847421	4.756964	2.671992	-1.435628	6.947888	41	297	4	10	0	0	1	0	0	0	0	0	0
2.715506	1.111858	2.085122	10.56889	-0.344484	15.12632	2.673893	-0.8575344	7.054164	41	298	5	10	0	0	0	1	0	0	0	0	0
3.354328	2.352708	2.090127	9.913127	-0.138266	4.155904	2.630514	-0.5921423	7.1293	41	299	6	10	0	0	0	0	1	0	0	0	0
3.951362	2.057707	2.029593	10.21812	0.7366301	3.966344	2.597376	-1.034602	7.264153	41	300	7	10	0	0	0	0	0	1	0	0	0
1.450855	2.326302	1.868744	10.61982	1.960306	7.92157	2.798033	0.9494365	7.442536	41	301	8	10	0	0	0	0	0	0	1	0	0
5.605632	2.180644	1.73116	11.66952	-0.014102	2.595001	3.204351	0.230185	7.55675	41	302	9	10	0	0	0	0	0	0	0	1	0
4.006832	1.369148	1.550572	11.48176	1.364838	2.029968	3.376825	0.1806714	7.740019	41	303	10	10	0	0	0	0	0	0	0	0	1
2.336956	5.825038	1.998928	6.21593	-6.809666	17.35148	3.99075	0.887472	6.965	42	304	1	8	0	0	0	0	0	0	0	0	0
7.911583	2.942964	2.194653	9.814868	17.32986	22.19934	4.205658	1.888543	6.976642	42	305	2	8	1	0	0	0	0	0	0	0	0
3.834457	2.698942	2.444388	13.30965	-0.408936	9.89332	4.363112	0.8639485	7.319347	42	306	3	8	0	1	0	0	0	0	0	0	0
1.795009	2.517535	2.214231	18.69855	-0.497004	26.26613	4.401201	1.842322	7.5709	42	307	4	8	0	0	1	0	0	0	0	0	0
4.528764	1.925707	1.879777	19.11204	-0.089392	7.563491	4.22651	1.758622	7.645849	42	308	5	8	0	0	0	1	0	0	0	0	0
5.101133	2.150599	1.807907	18.00128	-1.250446	2.438961	4.28359	1.54448	7.813462	42	309	6	8	0	0	0	0	1	0	0	0	0
0.2081602	3.020522	1.758191	17.4812	4.007054	15.94826	4.448317	2.596118	8.096167	42	310	7	8	0	0	0	0	0	1	0	0	0
2.506727	2.07769	1.539853	10.69907	1.449466	6.14606	4.325879	1.508595	8.231397	42	311	8	8	0	0	0	0	0	0	1	0	0
4.540082	1.274245	1.509305	16.32848	11.66299	42.17445	3.683457	1.077035	7.906576	43	312	1	9	0	0	0	0	0	0	0	0	0
6.933517	0.4239597	2.843467	20.21735	-11.47641	6.622376	3.852942	1.427049	8.136653	43	313	2	9	1	0	0	0	0	0	0	0	0
8.350385	1.983481	3.111804	17.28235	18.28367	43.80123	4.104057	3.024589	8.406748	43	314	3	9	0	1	0	0	0	0	0	0	0
-2.655541	2.68975	3.364737	38.47962	2.228962	28.76017	4.582126	3.142363	8.839477	43	315	4	9	0	0	1	0	0	0	0	0	0
-2.871147	2.952929	4.159094	44.00174	-1.973568	24.80264	4.181651	2.492977	8.874272	43	316	5	9	0	0	0	1	0	0	0	0	0
-5.392708	3.019547	3.529446	33.88752	-0.5396584	14.72165	3.909946	1.391598	8.529427	43	317	6	9	0	0	0	0	1	0	0	0	0
6.502154	3.027425	2.017525	30.58355	17.31528	29.5132	4.080281	2.005795	8.402555	43	318	7	9	0	0	0	0	0	1	0	0	0
1.244433	3.287581	1.308726	21.5534	0.1518579	18.99879	3.738868	0.7130554	8.512905	43	319	8	9	0	0	0	0	0	0	1	0	0
2.210776	2.657739	1.100753	22.74901	-0.6368408	24.10816	3.820969	1.82797	8.6142	43	320	9	9	0	0	0	0	0	0	0	1	0
5.941482	1.799066	3.717281	29.83038	1.73697	5.082959	3.401721	0.5660574	8.691083	44	321	1	9	0	0	0	0	0	0	0	0	0
5.134114	1.475221	2.432482	24.63815	-9.417072	3.853204	3.542652	1.349123	8.955107	44	322	2	9	1	0	0	0	0	0	0	0	0
5.399111	2.897789	3.126212	29.01257	-1.647064	4.439696	3.754111	0.7750447	9.143961	44	323	3	9	0	1	0	0	0	0	0	0	0
0.1397457	3.855368	2.144354	24.13934	5.705384	8.250665	3.858585	0.7449867	9.477557	44	324	4	9	0	0	1	0	0	0	0	0	0
0.3928347	5.17914	1.856144	20.28986	2.375982	3.778867	3.880126	0.3160332	9.549755	44	325	5	9	0	0	0	1	0	0	0	0	0
1.615078	4.404546	1.637012	18.24776	2.033398	4.405561	3.984066	0.4731631	9.581546	44	326	6	9	0	0	0	0	1	0	0	0	0
3.598733	2.659	3.607915	25.78452	-3.131374	4.21241	3.990243	1.214382	9.648848	44	327	7	9	0	0	0	0	0	1	0	0	0
2.191659	2.10267	2.064827	27.45197	3.15644	6.360073	4.149183	1.394789	9.776241	44	328	8	9	0	0	0	0	0	0	1	0	0
0.3178189	0.493476	1.660624	21.6804	2.68863	3.956661	4.298848	1.221664	9.925754	44	329	9	9	0	0	0	0	0	0	0	1	0
3.39208	1.108563	1.692927	18.98871	1.982862	5.996429	4.144129	1.210385	8.046804	45	330	1	9	0	0	0	0	0	0	0	0	0
0.3902182	1.375233	1.996688	23.71333	0.12732	8.102081	4.273149	1.851233	8.213655	45	331	2	9	1	0	0	0	0	0	0	0	0
3.373546	2.643903	1.531533	24.2961	-1.59008	4.853112	4.302872	1.139756	8.287595	45	332	3	9	0	1	0	0	0	0	0	0	0
-3.121324	3.018863	1.281207	14.66887	5.916768	15.22567	4.231121	1.75738	8.461887	45	333	4	9	0	0	1	0	0	0	0	0	0
-1.10386	2.844793	1.237319	11.78587	-1.294288	8.368306	4.251368	1.750787	8.358925	45	334	5	9	0	0	0	1	0	0	0	0	0
2.451142	2.639486	0.8100953	12.44831	-0.824964	10.01879	4.577378	1.516443	8.236578	45	335	6	9	0	0	0	0	1	0	0	0	0
2.156271	3.725501	0.831489	15.9702	1.643528	5.714994	4.779041	2.514176	8.264354	45	336	7	9	0	0	0	0	0	1	0	0	0
-0.7456775	2.647025	0.7153326	16.05166	-1.742294	4.120874	4.650438	2.543993	8.43058	45	337	8	9	0	0	0	0	0	0	1	0	0
0.395526	2.223325	0.5149298	15.09539	-0.8315201	5.507669	4.572861	0.0391968	8.437502	45	338	9	9	0	0	0	0	0	0	0	1	0
-5.448008	2.281157	3.634552	8.795695	16.30699	8.808764	3.97329	2.776649	8.536027	46	339	1	7	0	0	0	0	0	0	0	0	0
3.665378	2.471821	3.636798	17.45474	0.559082	1.571668	4.711042	2.310219	8.271264	46	340	2	7	1	0	0	0	0	0	0	0	0
3.328232	1.949048	4.041652	23.38599	4.571104	2.553814	4.910508	2.848442	8.210679	46	341	3	7	0	1	0	0	0	0	0	0	0
-3.631157	1.949048	3.576771	11.99117	9.057048	10.05498	4.640901	2.974042	8.424863	46	342	4	7	0	0	1	0	0	0	0	0	0
-1.989962	1.951324	6.269707	19.12132	-1.756316	4.163234	4.979679	2.562348	8.497143	46	343	5	7	0	0	0	1	0	0	0	0	0
1.51306	1.137192	3.477414	14.69989	1.057692	1.393817	4.793124	2.546276	8.152979	46	344	6	7	0	0	0	0	1	0	0	0	0
-0.7139083	0.6162661	2.985489	10.99092	-1.77547	4.252284	4.769757	1.952425	8.256441	46	345	7	7	0	0	0	0	0	1	0	0	0
1.859883	0.3947411	3.167132	8.757106	3.74385	8.319427	4.168169	0.6826543	7.070262	47	346	1	9	0	0	0	0	0	0	0	0	0
1.353736	0.746688	3.319927	10.36093	-1.450698	3.44223	4.165655	1.399566	7.07351	47	347	2	9	1	0	0	0	0	0	0	0	0
-0.7994874	2.051299	3.75216	17.8405	-4.13346	7.463431	4.396338	1.664253	7.171922	47	348	3	9	0	1	0	0	0	0	0	0	0
0.2942674	2.643334	4.155147	13.68046	1.600296	14.8823	4.193377	1.55248	7.082864	47	349	4	9	0	0	1	0	0	0	0	0	0
-0.9482431	2.607272	3.976223	12.3474	3.629962	11.6156	3.875995	2.081392	7.094117	47	350	5	9	0	0	0	1	0	0	0	0	0
2.306851	2.307374	3.563286	10.66051	-4.02687	10.91202	3.784942	-0.0667585	7.115846	47	351	6	9	0	0	0	0	1	0	0	0	0
-1.153046	3.332062	2.942084	8.331667	7.790732	11.80848	3.947394	1.911491	7.140269	47	352	7	9	0	0	0	0	0	1	0	0	0
-0.0952361	1.923664	2.11287	9.431956	-4.946066	4.748028	4.093502	1.271251	7.168052	47	353	8	9	0	0	0	0	0	0	1	0	0
-0.3098331	2.057196	1.647611	8.694941	0.556284	4.764777	4.164901	0.6123039	7.158576	47	354	9	9	0	0	0	0	0	0	0	1	0
6.451158	2.620457	2.087294	20.04712	8.143972	14.12965	2.928546	1.280077	7.619616	48	355	1	7	0	0	0	0	0	0	0	0	0
7.724324	2.815409	1.636661	28.36664	3.057852	9.341754	3.38353	1.42476	7.966487	48	356	2	7	1	0	0	0	0	0	0	0	0
4.253897	2.533062	1.419319	29.50329	4.617856	7.642129	3.57148	-0.394976	8.309639	48	357	3	7	0	1	0	0	0	0	0	0	0
8.250401	1.440309	1.043259	33.13459	1.989946	9.784717	3.672613	1.205244	8.529966	48	358	4	7	0	0	1	0	0	0	0	0	0
7.358464	1.951608	0.9833918	41.01872	-1.98925	3.619325	3.801276	1.150442	8.908404	48	359	5	7	0	0	0	1	0	0	0	0	0
3.596994	1.488851	0.8334092	38.33522	6.03042	20.37669	4.143222	1.715564	9.297785	48	360	6	7	0	0	0	0	1	0	0	0	0
4.82346	1.174956	0.4956008	33.61874	-1.527226	2.502122	4.404721	2.162401	9.544734	48	361	7	7	0	0	0	0	0	1	0	0	0
-2.355301	0.5766134	6.372954	12.22796	-8.66371	61.11988	4.582511	0.5164048	10.98379	49	362	1	6	0	0	0	0	0	0	0	0	0
-11.7068	1.722052	4.860909	19.47885	-10.27598	50.70095	4.598232	1.943258	10.57151	49	363	2	6	1	0	0	0	0	0	0	0	0
1.503893	0.4574248	4.668985	13.91293	1.920278	17.2531	4.485172	1.508308	10.10598	49	364	3	6	0	1	0	0	0	0	0	0	0
8.192713	1.446919	1.302417	17.33457	77.90458	41.36448	4.636067	3.800926	9.932736	49	365	4	6	0	0	1	0	0	0	0	0	0
-3.325944	0.6981347	4.194642	9.085446	2.166606	19.67959	4.49341	0.9498819	10.12757	49	366	5	6	0	0	0	1	0	0	0	0	0
2.030912	0.3235317	3.416759	6.161102	10.42315	24.74656	4.473943	0.1031215	10.26242	49	367	6	6	0	0	0	0	1	0	0	0	0
3.429621	2.664307	2.342795	22.0288	7.870777	3.326854	5.129682	3.069036	6.658849	50	368	1	6	0	0	0	0	0	0	0	0	0
2.991681	2.628863	2.489672	16.17149	-11.48812	3.315905	5.052602	1.622845	6.856807	50	369	2	6	1	0	0	0	0	0	0	0	0
2.702551	2.628574	2.313501	16.42378	8.7963	2.054098	4.932788	2.687742	7.077505	50	370	3	6	0	1	0	0	0	0	0	0	0
2.043264	2.608156	1.33984	32.91035	8.559452	3.419932	5.111257	2.4997	7.156166	50	371	4	6	0	0	1	0	0	0	0	0	0
4.94398	2.094084	0.6814213	27.75976	6.36332	3.088343	5.006498	3.046555	7.187235	50	372	5	6	0	0	0	1	0	0	0	0	0
3.407828	2.12847	0.220816	21.78059	17.47189	7.161454	4.99743	3.289425	7.43326	50	373	6	6	0	0	0	0	1	0	0	0	0
1.076305	0.9570487	2.165774	4.683313	3.458822	29.43968	3.774362	0.3357801	7.147771	51	374	1	8	0	0	0	0	0	0	0	0	0
-0.5633804	2.130847	2.330527	4.594483	0.5495239	7.228351	3.639906	1.511942	7.151453	51	375	2	8	1	0	0	0	0	0	0	0	0
-1.30142	1.998232	2.605773	4.17837	-7.718466	15.13633	3.459188	0.0283839	7.21034	51	376	3	8	0	1	0	0	0	0	0	0	0
-3.592624	3.088676	2.820006	3.708098	10.21555	11.97824	3.475745	1.074251	7.082992	51	377	4	8	0	0	1	0	0	0	0	0	0
-0.9503601	2.72011	2.902791	3.716693	3.463138	8.695942	3.378851	0.1765791	6.958677	51	378	5	8	0	0	0	1	0	0	0	0	0
-2.32321	2.819472	2.956366	3.07775	-0.7587045	5.609655	3.746203	-0.3345495	6.870602	51	379	6	8	0	0	0	0	1	0	0	0	0
-0.828134	2.884354	3.044878	2.955222	0.4211439	2.794132	3.8686	1.556508	6.792274	51	380	7	8	0	0	0	0	0	1	0	0	0
-1.336965	2.251081	3.009293	5.263499	-3.90672	7.859384	4.06753	2.373148	6.735952	51	381	8	8	0	0	0	0	0	0	1	0	0
3.403441	2.238793	2.813114	17.71919	4.328458	5.592538	4.404606	-0.049519	6.265102	52	382	1	7	0	0	0	0	0	0	0	0	0
2.844766	2.185377	3.436522	18.15335	-2.385874	13.53926	4.393408	1.949297	6.326451	52	383	2	7	1	0	0	0	0	0	0	0	0
0.0921238	2.680473	3.014691	10.73403	15.2358	16.21609	4.272435	2.487674	6.503525	52	384	3	7	0	1	0	0	0	0	0	0	0
-0.8679873	2.955847	4.965282	6.872682	-11.46128	15.56763	4.104575	1.817698	6.568906	52	385	4	7	0	0	1	0	0	0	0	0	0
4.243083	3.050315	2.136414	7.041842	4.014654	12.15473	4.157502	2.248711	6.571224	52	386	5	7	0	0	0	1	0	0	0	0	0
0.3402616	3.711717	1.686559	5.120624	3.682124	7.85149	4.112331	1.230024	6.540665	52	387	6	7	0	0	0	0	1	0	0	0	0
-0.5759697	2.86824	2.324968	6.427106	-1.788992	9.656779	4.359052	2.244496	6.717299	52	388	7	7	0	0	0	0	0	1	0	0	0
3.609974	-0.46	2.774377	11.98465	-5.966176	11.71586	4.488134	1.57855	7.428579	53	389	1	9	0	0	0	0	0	0	0	0	0
3.528664	-0.026	2.557685	12.28249	4.366078	8.348513	4.37627	0.2720309	7.570994	53	390	2	9	1	0	0	0	0	0	0	0	0
8.750463	1.933548	2.368551	16.539	-3.917572	7.82774	4.434	1.81846	7.746832	53	391	3	9	0	1	0	0	0	0	0	0	0
4.836481	1.407077	2.321751	17.65716	3.892282	9.055416	4.473959	1.738765	8.074343	53	392	4	9	0	0	1	0	0	0	0	0	0
4.242078	1.784735	2.428273	24.32941	-2.08575	8.861045	4.635543	1.685327	8.347781	53	393	5	9	0	0	0	1	0	0	0	0	0
2.478144	0.3001046	2.462603	18.24475	1.413952	7.91565	4.742684	2.549703	8.584578	53	394	6	9	0	0	0	0	1	0	0	0	0
6.21797	1.335527	2.301368	26.66413	-1.972038	2.924968	5.155583	2.892023	8.687833	53	395	7	9	0	0	0	0	0	1	0	0	0
4.345863	1.259029	2.170749	27.65468	5.396218	13.8634	5.359778	2.404352	8.962809	53	396	8	9	0	0	0	0	0	0	1	0	0
3.593211	0.3743184	1.955312	38.8492	-0.576974	1.859813	5.358227	2.217396	9.231846	53	397	9	9	0	0	0	0	0	0	0	1	0
1.480399	1.902107	2.267312	9.032817	-10.5642	15.56401	3.79706	1.520751	6.42772	54	398	1	7	0	0	0	0	0	0	0	0	0
3.900325	2.390596	1.831692	10.90458	12.4035	12.52523	3.747164	1.031491	6.517067	54	399	2	7	1	0	0	0	0	0	0	0	0
-1.00882	1.722767	1.847455	9.08664	4.551638	3.221085	3.852605	1.484255	6.61793	54	400	3	7	0	1	0	0	0	0	0	0	0
3.214878	-0.3159999	2.1011	7.58801	0.441716	5.686371	3.976436	2.076534	6.635625	54	401	4	7	0	0	1	0	0	0	0	0	0
1.124531	1.339727	2.054684	7.707485	1.231052	2.511083	3.924849	0.456986	6.721112	54	402	5	7	0	0	0	1	0	0	0	0	0
4.114731	1.514248	3.059393	7.689122	5.8153	7.462366	4.015049	1.398935	6.807645	54	403	6	7	0	0	0	0	1	0	0	0	0
1.30104	0.01784	2.948114	5.878652	2.024758	11.49489	4.195408	1.303835	6.92832	54	404	7	7	0	0	0	0	0	1	0	0	0
15.68966	1.832261	1.40615	14.88837	5.075738	3.893208	5.435824	2.959791	8.154011	55	405	1	6	0	0	0	0	0	0	0	0	0
1.659492	1.84877	0.2855411	18.07177	-2.649388	6.0884	5.244638	2.948509	8.816624	55	406	2	6	1	0	0	0	0	0	0	0	0
5.034035	-0.198	0.2268754	16.66681	1.43736	2.923619	5.275212	2.363684	9.080549	55	407	3	6	0	1	0	0	0	0	0	0	0
4.697756	1.126227	1.00857	17.64766	0.5696419	2.50465	5.42527	1.304315	9.255534	55	408	4	6	0	0	1	0	0	0	0	0	0
4.260077	1.037446	0.7981815	17.05691	0.8665479	3.719154	5.362305	2.695172	9.505559	55	409	5	6	0	0	0	1	0	0	0	0	0
0.716542	0.8398415	0.685648	13.4539	-0.4172559	3.709647	5.197003	2.536969	9.714574	55	410	6	6	0	0	0	0	1	0	0	0	0
-3.156171	2.132982	2.349267	19.35912	2.565198	7.751112	4.83814	1.657345	7.273071	56	411	1	5	0	0	0	0	0	0	0	0	0
1.416754	2.082686	2.608766	17.11064	3.670128	6.847575	5.017403	1.238749	7.110867	56	412	2	5	1	0	0	0	0	0	0	0	0
1.366835	1.970463	3.308905	9.973186	3.782398	12.5081	4.651493	1.561201	7.103902	56	413	3	5	0	1	0	0	0	0	0	0	0
2.1668	1.720979	2.592243	8.378034	-3.953504	4.499756	4.566394	1.356041	7.145865	56	414	4	5	0	0	1	0	0	0	0	0	0
-0.5878361	1.700375	2.982986	7.31034	-2.273172	6.010303	4.555706	0.662373	7.262272	56	415	5	5	0	0	0	1	0	0	0	0	0
2.019459	1.654411	2.670412	19.31851	7.819366	30.32255	4.636324	1.662365	8.483132	57	416	1	9	0	0	0	0	0	0	0	0	0
-3.17801	1.129465	2.081606	12.23304	3.21319	7.254133	4.578946	1.866648	8.400566	57	417	2	9	1	0	0	0	0	0	0	0	0
4.944472	2.299179	1.365837	12.5234	1.882848	8.549619	4.692024	1.586992	8.385835	57	418	3	9	0	1	0	0	0	0	0	0	0
5.264119	2.483072	1.626247	14.39873	-6.712582	9.951849	4.614553	0.7437236	8.457169	57	419	4	9	0	0	1	0	0	0	0	0	0
0.6527967	2.783281	1.344856	8.763672	3.883542	7.772244	4.484407	1.889558	8.769486	57	420	5	9	0	0	0	1	0	0	0	0	0
6.530676	1.814173	0.9790617	10.67937	-0.3891517	9.025928	4.726244	2.864269	8.796384	57	421	6	9	0	0	0	0	1	0	0	0	0
4.030537	2.151064	1.022853	11.98532	-0.648478	3.378822	4.842244	1.20356	9.04669	57	422	7	9	0	0	0	0	0	1	0	0	0
3.971094	1.891001	0.9019766	11.01475	2.019488	2.534472	4.852384	1.784732	9.28576	57	423	8	9	0	0	0	0	0	0	1	0	0
3.866607	1.596555	0.8858615	11.5273	-0.096814	5.994691	4.755044	2.090892	9.493745	57	424	9	9	0	0	0	0	0	0	0	1	0
3.008303	2.095561	3.041667	17.96762	-0.46294	6.259336	2.905448	-0.2493841	7.965384	58	425	1	10	0	0	0	0	0	0	0	0	0
4.320674	0.7579982	3.13941	17.65521	-0.353396	4.150733	2.790934	-1.214515	8.140308	58	426	2	10	1	0	0	0	0	0	0	0	0
2.712101	1.194528	3.229235	20.35763	1.146868	2.866805	2.730032	-0.2432951	8.266205	58	427	3	10	0	1	0	0	0	0	0	0	0
3.427568	2.327473	3.252539	18.63351	-0.2331279	4.576639	2.696919	-0.0979448	8.458854	58	428	4	10	0	0	1	0	0	0	0	0	0
3.186077	2.950421	2.899076	19.63146	3.241836	9.53747	2.741346	0.2399759	8.606767	58	429	5	10	0	0	0	1	0	0	0	0	0
0.5469259	4.027172	2.349955	19.14723	22.32078	54.55285	2.912074	0.6855461	8.752196	58	430	6	10	0	0	0	0	1	0	0	0	0
-0.9790154	4.406671	2.09268	14.59333	-10.06937	20.43046	2.989263	1.048694	8.891396	58	431	7	10	0	0	0	0	0	1	0	0	0
1.940864	2.791656	1.925942	17.45115	-4.657274	7.627264	3.367922	1.240805	8.809658	58	432	8	10	0	0	0	0	0	0	1	0	0
1.106972	3.198918	1.641719	17.14205	5.470336	7.12136	3.864028	1.99186	8.868141	58	433	9	10	0	0	0	0	0	0	0	1	0
1.205187	1.796083	1.394731	18.93302	-0.197366	0.909895	4.153698	0.6118475	8.887694	58	434	10	10	0	0	0	0	0	0	0	0	1
-0.863239	1.450677	2.860075	9.985299	7.663352	8.600255	4.391127	2.001688	7.199913	59	435	1	10	0	0	0	0	0	0	0	0	0
9.584766	1.386294	2.592135	8.454639	-0.3837999	8.546841	4.110738	2.585623	7.149531	59	436	2	10	1	0	0	0	0	0	0	0	0
2.671239	0.0217616	2.488677	7.9051	-0.5976421	7.131378	3.791415	0.3515852	7.43608	59	437	3	10	0	1	0	0	0	0	0	0	0
1.525577	1.819375	2.240924	12.01974	1.25909	7.435922	3.849711	1.081545	7.656099	59	438	4	10	0	0	1	0	0	0	0	0	0
4.224309	2.242198	1.985566	16.35667	-8.134836	8.560883	3.992755	1.662731	7.787696	59	439	5	10	0	0	0	1	0	0	0	0	0
1.022629	2.324151	2.17351	13.97851	0.5133179	4.206929	3.747089	1.09102	7.955213	59	440	6	10	0	0	0	0	1	0	0	0	0
2.404253	1.59615	2.523812	11.9314	2.667426	7.803791	3.705366	0.9602478	8.06111	59	441	7	10	0	0	0	0	0	1	0	0	0
1.271377	1.823258	2.204335	11.78997	1.125318	2.654459	3.914374	1.147873	8.156007	59	442	8	10	0	0	0	0	0	0	1	0	0
-0.1598726	0.9991602	1.928557	10.33566	5.617756	10.11759	3.988695	1.063105	8.211013	59	443	9	10	0	0	0	0	0	0	0	1	0
1.970776	0.4662466	1.67393	11.35098	-0.98104	3.128277	4.07115	0.1149128	8.217652	59	444	10	10	0	0	0	0	0	0	0	0	1
3.304283	4.362818	-0.7087363	3.024169	-0.756944	1.658461	3.596475	1.789953	6.97138	60	445	1	4	0	0	0	0	0	0	0	0	0
-0.2640073	3.832157	3.41705	3.197276	7.136996	2.890298	3.70439	0.8990156	6.851043	60	446	2	4	1	0	0	0	0	0	0	0	0
-0.0599562	3.132272	3.312778	5.015215	2.663946	4.156387	3.787347	1.768396	6.969634	60	447	3	4	0	1	0	0	0	0	0	0	0
9.931511	2.559396	1.788131	5.620235	16.50764	9.29296	3.863837	0.5806512	6.905891	60	448	4	4	0	0	1	0	0	0	0	0	0
-0.3156048	2.664586	2.494781	15.32393	-6.486776	21.13621	4.697307	2.845165	8.549517	61	449	1	5	0	0	0	0	0	0	0	0	0
-0.4242665	2.577638	4.402198	7.735504	6.64475	16.32035	4.627454	2.073843	8.569036	61	450	2	5	1	0	0	0	0	0	0	0	0
-0.0560822	2.498645	3.301896	11.26377	-1.04712	4.620686	4.574551	0.852293	8.537953	61	451	3	5	0	1	0	0	0	0	0	0	0
0.1121352	2.119383	2.567523	11.471	-0.3905939	3.876869	4.698965	1.243108	8.483777	61	452	4	5	0	0	1	0	0	0	0	0	0
3.742888	2.104134	1.758672	10.05619	0.549212	3.049337	4.534483	1.805511	8.489736	61	453	5	5	0	0	0	1	0	0	0	0	0
0.3443208	1.620971	1.832609	4.268895	11.35455	18.39143	2.785573	1.622338	6.687842	62	454	1	8	0	0	0	0	0	0	0	0	0
0.344335	2.358398	2.100927	6.307532	-4.544748	7.277075	2.734769	0.4974746	6.731991	62	455	2	8	1	0	0	0	0	0	0	0	0
1.878752	1.621367	2.448673	12.4758	8.472753	6.301785	3.246532	0.6665092	6.754017	62	456	3	8	0	1	0	0	0	0	0	0	0
0.8634861	2.356126	2.559985	14.29311	-4.816164	7.006503	3.439492	0.314363	6.820453	62	457	4	8	0	0	1	0	0	0	0	0	0
2.553198	2.409285	2.550957	15.83917	-1.079612	2.936382	3.464411	-0.6494335	6.837606	62	458	5	8	0	0	0	1	0	0	0	0	0
2.161026	2.430274	2.551072	16.61189	8.20158	10.56893	3.726499	2.275422	6.957454	62	459	6	8	0	0	0	0	1	0	0	0	0
2.270386	2.067875	2.454417	17.71297	0.798628	5.187573	4.059719	1.44971	7.061265	62	460	7	8	0	0	0	0	0	1	0	0	0
1.035637	1.20896	2.287849	18.30771	-6.343842	10.77879	3.86887	1.753475	7.188813	62	461	8	8	0	0	0	0	0	0	1	0	0
2.451458	2.215937	0.4850386	14.09274	1.204122	8.117731	5.391419	1.311013	9.424256	63	462	1	6	0	0	0	0	0	0	0	0	0
-0.1662332	2.022607	1.127126	11.55731	0.5568199	2.737087	5.186095	3.018012	9.478769	63	463	2	6	1	0	0	0	0	0	0	0	0
-0.7105865	0.8754687	0.7035426	15.87249	0.2899238	6.13602	4.992192	2.626283	9.601048	63	464	3	6	0	1	0	0	0	0	0	0	0
2.733497	0.9532011	0.9585087	17.42207	-1.733722	7.317494	5.132928	1.699407	9.473392	63	465	4	6	0	0	1	0	0	0	0	0	0
-1.183151	0.802898	1.112614	16.17577	3.34609	11.05354	5.022315	2.272493	9.574973	63	466	5	6	0	0	0	1	0	0	0	0	0
-0.5855874	0.8268036	1.008687	16.61294	-9.709962	17.87076	5.089157	1.618896	9.615151	63	467	6	6	0	0	0	0	1	0	0	0	0
0.9752159	3.009043	3.132897	9.026223	-0.7724077	11.43603	3.855466	1.936638	8.699807	64	468	1	7	0	0	0	0	0	0	0	0	0
-2.777218	2.700958	2.994978	7.180365	17.06708	21.34682	3.868208	1.284573	8.74346	64	469	2	7	1	0	0	0	0	0	0	0	0
0.251335	3.404326	3.021273	7.524248	-9.772128	7.93294	3.505595	2.002079	8.79764	64	470	3	7	0	1	0	0	0	0	0	0	0
-6.712999	8.118981	2.34307	7.592475	6.287054	7.205104	3.43995	2.854729	8.594148	64	471	4	7	0	0	1	0	0	0	0	0	0
-3.842715	7.647916	3.525286	7.717332	5.733428	7.314254	3.76945	0.9832652	8.432961	64	472	5	7	0	0	0	1	0	0	0	0	0
0.3920378	2.416628	2.478504	12.98866	-3.642074	9.092997	4.16542	2.447122	8.140182	64	473	6	7	0	0	0	0	1	0	0	0	0
1.038427	1.9876	2.148611	13.08551	4.458444	1.862245	4.32115	0.818987	8.085418	64	474	7	7	0	0	0	0	0	1	0	0	0
-1.630232	1.530395	2.841624	2.383102	-1.986012	9.211489	3.262977	1.233026	7.104944	65	475	1	8	0	0	0	0	0	0	0	0	0
-5.748813	1.799728	2.925993	3.557832	-3.100212	13.68593	3.40448	2.031866	7.099015	65	476	2	8	1	0	0	0	0	0	0	0	0
7.588335	2.684577	3.061107	8.879666	14.22648	8.384367	3.588487	1.620265	6.895235	65	477	3	8	0	1	0	0	0	0	0	0	0
-2.375548	2.31708	3.196332	7.871354	3.30957	10.68258	3.767696	0.7519913	7.014555	65	478	4	8	0	0	1	0	0	0	0	0	0
-0.8027195	-4.008	3.061058	7.243059	-0.2209499	12.87864	3.723922	0.6002495	7.098106	65	479	5	8	0	0	0	1	0	0	0	0	0
-2.697403	1.469256	2.870022	5.668817	-1.063994	13.00949	3.683116	1.609376	6.932415	65	480	6	8	0	0	0	0	1	0	0	0	0
0.6628718	1.436512	2.934142	6.702508	3.08416	1.920848	3.85422	1.083543	6.820935	65	481	7	8	0	0	0	0	0	1	0	0	0
-1.733056	0.4934761	2.953222	9.203557	-4.208128	4.476272	3.813823	0.5745123	6.74401	65	482	8	8	0	0	0	0	0	0	1	0	0
1.44172	0.7673266	2.393923	3.14751	-5.507346	3.926339	2.242166	-0.8323516	6.671548	66	483	1	10	0	0	0	0	0	0	0	0	0
4.355734	1.109223	2.426564	2.974362	-1.117282	4.017703	2.257225	-0.5130137	6.768615	66	484	2	10	1	0	0	0	0	0	0	0	0
-3.254755	1.373209	2.522646	4.389304	4.828742	4.679065	2.619714	-0.2008355	6.976982	66	485	3	10	0	1	0	0	0	0	0	0	0
6.879278	2.328058	2.777939	6.863667	20.54873	39.68282	2.971701	1.107049	6.79248	66	486	4	10	0	0	1	0	0	0	0	0	0
-2.784466	3.061239	3.324137	11.3894	3.805391	23.47818	3.249404	1.225587	7.030303	66	487	5	10	0	0	0	1	0	0	0	0	0
-3.555242	2.766445	2.900454	10.26364	2.601646	33.43251	3.417276	2.070762	7.112197	66	488	6	10	0	0	0	0	1	0	0	0	0
2.535047	3.253702	2.978447	3.848241	6.139511	19.40572	2.956151	1.078333	6.895077	66	489	7	10	0	0	0	0	0	1	0	0	0
0.963326	3.578841	3.031003	4.223035	-3.631902	22.25484	2.926386	1.360149	6.867977	66	490	8	10	0	0	0	0	0	0	1	0	0
0.1423839	3.221991	2.919963	5.217423	2.577144	35.94836	4.270684	2.457707	6.977829	66	491	9	10	0	0	0	0	0	0	0	1	0
2.87924	2.695573	2.595876	4.734739	8.94101	17.24189	4.446079	1.812997	6.934122	66	492	10	10	0	0	0	0	0	0	0	0	1
2.770054	1.008687	2.658764	16.61873	-1.908064	2.958969	3.547836	0.6166916	6.707297	67	493	1	9	0	0	0	0	0	0	0	0	0
3.132631	1.524751	2.701235	16.61171	8.226658	6.437804	3.516596	0.4901444	6.754298	67	494	2	9	1	0	0	0	0	0	0	0	0
3.41941	2.564795	2.651294	12.65398	2.675672	11.94209	3.458939	0.9555135	6.964745	67	495	3	9	0	1	0	0	0	0	0	0	0
3.154377	2.353278	2.470752	14.21695	-5.520646	3.214196	3.53262	1.203482	7.149843	67	496	4	9	0	0	1	0	0	0	0	0	0
4.138466	2.132271	3.170526	12.94914	1.357942	3.090722	3.503485	0.0947727	7.251882	67	497	5	9	0	0	0	1	0	0	0	0	0
3.278389	1.807633	2.863847	12.15726	6.02276	8.255009	3.427616	0.7524511	7.444512	67	498	6	9	0	0	0	0	1	0	0	0	0
1.75584	2.354988	2.238793	12.04007	3.604046	4.268303	3.514304	0.946964	7.627735	67	499	7	9	0	0	0	0	0	1	0	0	0
1.019719	2.185152	2.259323	10.96136	0.406524	4.966674	3.391269	1.091989	7.732138	67	500	8	9	0	0	0	0	0	0	1	0	0
1.586456	1.442675	2.104995	10.07274	-3.010672	10.74252	3.439575	0.9042862	7.794585	67	501	9	9	0	0	0	0	0	0	0	1	0
0.5497562	-1.122	2.511953	14.99398	-3.56484	10.81741	4.957798	2.216454	7.628981	68	502	1	10	0	0	0	0	0	0	0	0	0
6.59316	-0.138	2.923929	16.11384	1.397694	4.056601	5.072275	2.526874	7.729055	68	503	2	10	1	0	0	0	0	0	0	0	0
4.533917	0.0916671	2.940015	19.64324	0.855318	3.706985	5.175235	1.64614	7.934225	68	504	3	10	0	1	0	0	0	0	0	0	0
1.737568	1.903301	2.765206	29.25501	-2.966144	3.550117	5.251477	2.001607	8.155091	68	505	4	10	0	0	1	0	0	0	0	0	0
3.697143	1.671849	2.33316	20.9903	0.5207019	4.191661	5.130096	2.283837	8.296724	68	506	5	10	0	0	0	1	0	0	0	0	0
4.837101	1.759236	2.054156	15.5928	2.852698	6.262001	4.954588	3.35957	8.428321	68	507	6	10	0	0	0	0	1	0	0	0	0
-0.2794926	-0.494	2.016378	8.31272	5.291974	22.7171	4.908388	2.35652	8.709543	68	508	7	10	0	0	0	0	0	1	0	0	0
3.139602	0.1079571	1.858681	15.19942	-2.82949	6.640591	5.191296	3.100406	8.738308	68	509	8	10	0	0	0	0	0	0	1	0	0
2.426	0.0732504	1.683492	22.09659	-4.80503	8.097919	5.037872	2.805329	8.817121	68	510	9	10	0	0	0	0	0	0	0	1	0
2.216375	-0.336	1.544838	15.79289	4.45216	8.447279	4.891726	1.894458	8.898569	68	511	10	10	0	0	0	0	0	0	0	0	1
10.16017	1.924249	2.746059	6.87684	-2.04005	6.289191	4.404318	1.87776	7.810946	69	512	1	6	0	0	0	0	0	0	0	0	0
-2.226895	2.103402	2.535212	9.713073	-4.81773	7.91337	4.496664	1.264365	8.187593	69	513	2	6	1	0	0	0	0	0	0	0	0
0.6821709	1.500961	2.501702	7.074876	0.9297239	3.871544	4.405178	0.9502633	8.163876	69	514	3	6	0	1	0	0	0	0	0	0	0
5.727251	1.65058	2.573306	6.5114	14.97016	30.36066	4.552804	2.901026	8.195292	69	515	4	6	0	0	1	0	0	0	0	0	0
1.215686	2.50732	2.562297	6.443867	-6.060832	6.489006	4.534194	2.414287	8.256308	69	516	5	6	0	0	0	1	0	0	0	0	0
-0.8649109	2.371551	2.374804	7.978635	-2.618702	7.965241	4.513268	1.563683	8.381371	69	517	6	6	0	0	0	0	1	0	0	0	0
1.266884	1.842453	2.580924	5.340684	-2.194776	6.066111	3.307436	1.754559	7.839517	70	518	1	9	0	0	0	0	0	0	0	0	0
1.344451	0.793897	2.660986	6.818707	-2.350316	8.632338	3.318917	0.3836949	7.87077	70	519	2	9	1	0	0	0	0	0	0	0	0
2.698595	2.328253	2.825031	8.700253	4.37771	8.619042	3.40948	0.6474963	7.934461	70	520	3	9	0	1	0	0	0	0	0	0	0
6.68183	2.473846	2.384168	12.87405	-2.369176	6.528579	3.584003	1.982684	8.044067	70	521	4	9	0	0	1	0	0	0	0	0	0
1.446312	2.698404	2.699167	14.67079	4.348262	19.50403	3.571429	1.49425	8.280237	70	522	5	9	0	0	0	1	0	0	0	0	0
1.250013	3.240794	2.926842	12.0741	9.887819	13.83349	3.735921	2.019161	8.511404	70	523	6	9	0	0	0	0	1	0	0	0	0
-0.0426996	3.139486	2.876635	13.16355	-1.194744	12.37831	4.34146	2.754606	8.508589	70	524	7	9	0	0	0	0	0	1	0	0	0
-0.3931823	2.271713	2.775741	12.12551	-7.15876	15.16989	4.463387	2.907048	8.544818	70	525	8	9	0	0	0	0	0	0	1	0	0
-1.07803	2.204311	2.5855	8.881832	2.252292	9.715468	4.010234	1.235877	8.553838	70	526	9	9	0	0	0	0	0	0	0	1	0
0.2516539	2.037838	2.715309	38.99084	4.740228	13.89537	3.540111	0.4597196	7.91905	71	527	1	10	0	0	0	0	0	0	0	0	0
5.92719	2.00364	2.903162	30.58902	-2.236764	8.766977	3.626917	0.664329	8.008584	71	528	2	10	1	0	0	0	0	0	0	0	0
2.733285	2.490557	2.857255	26.52103	-3.178502	5.625392	3.582484	0.8281698	8.152905	71	529	3	10	0	1	0	0	0	0	0	0	0
3.53695	2.206515	2.834164	14.09231	-4.921806	14.34226	3.278533	0.0309057	8.335691	71	530	4	10	0	0	1	0	0	0	0	0	0
-1.463071	3.782779	2.692011	14.8734	17.40521	24.48254	3.204088	0.5020866	8.473375	71	531	5	10	0	0	0	1	0	0	0	0	0
-1.719935	4.431745	2.616562	17.13107	2.351266	15.53345	3.293982	0.9095626	8.514439	71	532	6	10	0	0	0	0	1	0	0	0	0
-2.245391	6.778293	2.306436	12.58032	3.575698	21.40736	3.047284	0.0251048	8.463821	71	533	7	10	0	0	0	0	0	1	0	0	0
0.5485569	7.382378	2.276747	15.71724	-6.50988	5.359961	3.26655	1.009631	8.399092	71	534	8	10	0	0	0	0	0	0	1	0	0
1.70271	2.127041	1.98898	20.15039	4.943836	11.2928	3.520101	0.3731934	8.172837	71	535	9	10	0	0	0	0	0	0	0	1	0
1.710621	0.86289	1.672333	15.60837	5.997496	11.78036	3.568675	-0.2700527	8.328524	71	536	10	10	0	0	0	0	0	0	0	0	1
3.504262	0.1739533	3.047158	11.94133	3.791324	10.45468	4.114718	2.465629	7.332831	72	537	1	10	0	0	0	0	0	0	0	0	0
1.984119	1.623735	3.102159	12.03965	-0.3414779	9.061423	3.915143	0.7500504	7.537722	72	538	2	10	1	0	0	0	0	0	0	0	0
1.191783	1.309953	3.063345	13.45573	-3.448672	12.79178	3.999242	0.9357897	7.672091	72	539	3	10	0	1	0	0	0	0	0	0	0
3.056909	2.941487	2.848688	12.61345	5.062688	12.28104	3.893036	-0.1869916	7.752861	72	540	4	10	0	0	1	0	0	0	0	0	0
2.979595	2.316882	2.793609	17.45842	-1.97348	4.328158	3.912417	1.28354	7.866314	72	541	5	10	0	0	0	1	0	0	0	0	0
0.18236	3.01426	2.469728	16.52056	4.185184	7.976339	4.14358	1.240077	8.036602	72	542	6	10	0	0	0	0	1	0	0	0	0
-0.1028622	2.240497	2.336494	10.72821	0.152386	8.728623	4.164566	2.327392	8.108694	72	543	7	10	0	0	0	0	0	1	0	0	0
0.7981707	2.397895	2.222516	13.53951	-1.80166	4.388099	4.448914	2.081688	8.015675	72	544	8	10	0	0	0	0	0	0	1	0	0
1.078162	1.946767	2.190357	14.39032	3.60425	7.664087	4.750892	2.341344	8.071488	72	545	9	10	0	0	0	0	0	0	0	1	0
2.829927	1.533852	1.97285	13.04303	-0.213508	4.62508	4.684175	1.583214	8.12634	72	546	10	10	0	0	0	0	0	0	0	0	1
4.051077	1.675226	0.8842237	29.44658	3.173368	5.168465	2.61614	0.2410088	8.45343	73	547	1	6	0	0	0	0	0	0	0	0	0
-3.483078	3.545586	0.9331148	16.50286	4.052672	11.48296	2.675188	-0.278978	8.789978	73	548	2	6	1	0	0	0	0	0	0	0	0
2.631124	4.270313	0.563724	16.1751	2.770268	8.217526	2.683027	-0.5484773	8.623837	73	549	3	6	0	1	0	0	0	0	0	0	0
0.3011533	5.00735	0.2947088	14.08997	-1.608214	14.87388	3.440298	1.131308	8.720027	73	550	4	6	0	0	1	0	0	0	0	0	0
5.488762	2.797037	0.0648673	19.82244	-5.90691	11.87331	3.901385	1.859563	8.6998	73	551	5	6	0	0	0	1	0	0	0	0	0
3.176363	1.473389	-0.0519671	19.38013	3.946816	6.369037	4.158561	1.327029	8.931803	73	552	6	6	0	0	0	0	1	0	0	0	0
8.246384	-0.448	0.998118	23.00619	0.2738401	5.00273	3.947727	2.288094	7.607255	74	553	1	7	0	0	0	0	0	0	0	0	0
10.86081	0.001998	0.9083651	26.31662	-1.12503	5.369797	3.944414	2.105319	7.991804	74	554	2	7	1	0	0	0	0	0	0	0	0
3.925746	1.800389	0.408038	24.23514	7.506446	14.44351	3.864305	1.330534	8.446607	74	555	3	7	0	1	0	0	0	0	0	0	0
-1.854282	0.0430595	0.352317	21.15543	1.82896	30.29655	3.812708	1.27777	8.721889	74	556	4	7	0	0	1	0	0	0	0	0	0
-4.287997	5.121115	-0.0994483	15.97999	-0.642712	10.34504	3.627502	1.212927	8.789781	74	557	5	7	0	0	0	1	0	0	0	0	0
1.481199	4.191864	-0.2280855	10.48676	-0.6736439	4.974917	3.920034	1.790116	8.499327	74	558	6	7	0	0	0	0	1	0	0	0	0
5.065378	3.256788	-0.1586554	11.78692	-2.003642	2.954623	4.441715	2.417678	8.569652	74	559	7	7	0	0	0	0	0	1	0	0	0
-0.5018318	2.187174	2.937518	1.727593	8.613834	17.5657	3.098284	1.506721	6.822174	75	560	1	7	0	0	0	0	0	0	0	0	0
5.073263	2.772589	3.31944	2.694557	11.74756	17.64743	3.292935	1.131552	6.91986	75	561	2	7	1	0	0	0	0	0	0	0	0
-0.6229364	2.034183	3.353532	2.64416	-1.760778	5.340762	3.511585	1.719469	6.994659	75	562	3	7	0	1	0	0	0	0	0	0	0
0.4460746	0.560758	2.934958	2.900783	-8.7751	10.94674	3.745322	0.2957574	7.15252	75	563	4	7	0	0	1	0	0	0	0	0	0
-13.82738	2.853938	-0.7879722	3.130372	-1.185304	8.033146	4.350881	3.204032	7.103026	75	564	5	7	0	0	0	1	0	0	0	0	0
15.53424	2.553655	2.987742	3.129087	1.979552	3.006922	3.835114	1.39498	6.796362	75	565	6	7	0	0	0	0	1	0	0	0	0
7.041404	1.747459	1.673106	3.293566	10.74562	5.121056	3.504168	0.7909427	6.812109	75	566	7	7	0	0	0	0	0	1	0	0	0
2.010834	2.115773	0.5768313	21.54614	-1.55356	6.504321	4.603748	2.254119	7.887908	76	567	1	6	0	0	0	0	0	0	0	0	0
-0.8523531	2.997531	1.007306	15.81947	12.49	8.007343	4.390725	2.268869	7.998786	76	568	2	6	1	0	0	0	0	0	0	0	0
1.463534	1.927455	0.6247154	14.86652	-14.37451	5.658593	4.441005	1.901332	8.00742	76	569	3	6	0	1	0	0	0	0	0	0	0
-5.56874	1.981001	1.625996	22.06622	-21.55458	2.546373	4.669362	2.362079	8.034404	76	570	4	6	0	0	1	0	0	0	0	0	0
4.224604	0.8603551	-0.1759357	21.90104	37.3862	3.662757	4.668336	0	7.852683	76	571	5	6	0	0	0	1	0	0	0	0	0
4.492465	1.768832	-0.0344701	21.90103	-15.62033	3.24479	4.668336	-10.97878	7.908244	76	572	6	6	0	0	0	0	1	0	0	0	0
-0.6185437	2.734887	6.270005	10.33	-10.57364	56.93435	4.690522	1.261524	10.02016	77	573	1	6	0	0	0	0	0	0	0	0	0
-9.619225	0.2806575	6.080623	10.98589	-15.29458	66.30624	4.680149	1.063917	10.3271	77	574	2	6	1	0	0	0	0	0	0	0	0
-2.607349	-2.174	4.571843	8.475461	6.17836	10.19878	4.405227	1.208563	10.12559	77	575	3	6	0	1	0	0	0	0	0	0	0
1.863367	0.5282725	2.83481	8.949644	8.38282	14.71202	4.45008	1.948182	9.717121	77	576	4	6	0	0	1	0	0	0	0	0	0
-2.208935	-0.112	3.46915	8.007089	2.414528	15.52231	4.253934	1.779545	9.794784	77	577	5	6	0	0	0	1	0	0	0	0	0
2.148998	-1.218	3.198292	8.572104	9.313518	20.14543	4.232554	1.677118	9.713659	77	578	6	6	0	0	0	0	1	0	0	0	0
-0.7076182	2.097527	3.049667	5.870281	3.776176	6.385437	4.315773	0.859207	7.3635	78	579	1	7	0	0	0	0	0	0	0	0	0
1.412264	2.436066	2.457159	5.176105	-2.2668	7.304726	4.383977	1.98419	7.267443	78	580	2	7	1	0	0	0	0	0	0	0	0
-0.9688811	2.405503	2.548562	5.343	0.2812641	6.539973	4.405152	1.484714	7.297678	78	581	3	7	0	1	0	0	0	0	0	0	0
0.971736	1.005034	2.727533	5.554421	2.380106	5.510864	4.340472	0.833657	7.269402	78	582	4	7	0	0	1	0	0	0	0	0	0
-1.432955	1.79741	3.024461	6.176604	0.518158	5.099978	4.307855	1.253947	7.295958	78	583	5	7	0	0	0	1	0	0	0	0	0
2.027058	1.042395	2.836523	6.652438	-0.8921201	2.558969	4.344672	1.098943	7.232839	78	584	6	7	0	0	0	0	1	0	0	0	0
-0.2446676	0.2639016	2.605702	9.092037	-2.433774	3.230342	4.620213	2.945114	7.243894	78	585	7	7	0	0	0	0	0	1	0	0	0
-0.3620635	2.741872	1.873329	3.457491	-4.699442	10.38395	3.466226	0.2767948	7.193407	79	586	1	6	0	0	0	0	0	0	0	0	0
-0.0931617	3.680192	2.073231	3.509925	8.70005	11.57803	3.566807	0.4408488	7.186912	79	587	2	6	1	0	0	0	0	0	0	0	0
-1.871435	4.457227	2.350691	3.524179	-0.0517241	8.655221	3.5281	1.227993	7.210099	79	588	3	6	0	1	0	0	0	0	0	0	0
-5.319101	4.176078	1.324697	3.217091	11.82275	11.06439	3.264099	1.18561	7.180007	79	589	4	6	0	0	1	0	0	0	0	0	0
-5.707557	3.28616	3.132489	2.777995	-3.311954	11.98541	3.293002	2.062042	6.91072	79	590	5	6	0	0	0	1	0	0	0	0	0
2.548162	1.373716	3.412171	4.076226	15.75776	29.66171	3.352377	1.758892	6.709492	79	591	6	6	0	0	0	0	1	0	0	0	0
6.525622	0.1688986	2.093162	45.24753	0.088446	1.353808	4.858682	2.758425	8.38524	80	592	1	8	0	0	0	0	0	0	0	0	0
9.460201	2.22592	1.770311	50.96907	-0.111558	4.282832	5.021719	2.23153	8.54943	80	593	2	8	1	0	0	0	0	0	0	0	0
4.926606	0.9407882	1.342128	46.08011	1.306136	2.008967	5.169719	2.937571	9.000108	80	594	3	8	0	1	0	0	0	0	0	0	0
5.146252	1.586374	2.7807	50.18768	0.446958	1.124993	5.429683	1.833114	9.250728	80	595	4	8	0	0	1	0	0	0	0	0	0
3.513473	-0.304	1.421544	42.41617	1.147294	2.516625	5.538179	3.303212	9.539638	80	596	5	8	0	0	0	1	0	0	0	0	0
6.26342	1.067466	2.811711	40.32029	0.96332	2.322419	5.720362	2.935185	9.683746	80	597	6	8	0	0	0	0	1	0	0	0	0
2.454207	-0.03	3.549456	39.36123	0.728928	2.616171	5.881347	1.637586	9.981931	80	598	7	8	0	0	0	0	0	1	0	0	0
1.534369	-0.172	3.090975	29.24606	1.327082	5.465337	5.997613	3.623003	10.20285	80	599	8	8	0	0	0	0	0	0	1	0	0
6.496779	2.008751	3.715302	7.393466	8.849476	21.60587	4.607414	2.858582	7.558242	81	600	1	6	0	0	0	0	0	0	0	0	0
-5.502894	2.480731	3.798877	7.851826	5.524282	17.33935	4.947293	3.546403	7.762824	81	601	2	6	1	0	0	0	0	0	0	0	0
0.2977017	2.577182	3.668239	10.13376	-9.978612	9.534162	4.972615	3.268101	7.773937	81	602	3	6	0	1	0	0	0	0	0	0	0
3.186409	2.433087	3.5316	7.156263	9.2085	11.09897	4.721235	2.247262	7.635906	81	603	4	6	0	0	1	0	0	0	0	0	0
-0.7087157	2.300583	3.312307	6.929843	5.91927	20.73465	4.770212	0.1605691	7.780714	81	604	5	6	0	0	0	1	0	0	0	0	0
-5.91098	2.099244	2.940261	6.968875	5.520542	25.26372	4.772229	-4.467191	7.85087	81	605	6	6	0	0	0	0	1	0	0	0	0
1.727079	0.9282193	2.516212	9.043061	5.122278	10.83985	4.114295	0.402883	8.342389	82	606	1	10	0	0	0	0	0	0	0	0	0
2.843867	0.5364934	2.675406	7.668211	-3.433392	14.59529	4.102313	1.439743	8.447642	82	607	2	10	1	0	0	0	0	0	0	0	0
2.736745	1.183566	2.724812	10.58312	-0.5675839	6.914874	4.126225	0.9992751	8.582945	82	608	3	10	0	1	0	0	0	0	0	0	0
0.9308206	2.013836	2.589751	12.5469	0.4486037	13.48725	4.121506	1.107337	8.709362	82	609	4	10	0	0	1	0	0	0	0	0	0
1.821237	2.470131	2.513052	11.02467	7.46596	19.87866	3.912738	1.535808	8.797204	82	610	5	10	0	0	0	1	0	0	0	0	0
1.466042	2.60091	2.671744	11.45448	-3.534044	13.98231	3.732336	1.657338	8.86521	82	611	6	10	0	0	0	0	1	0	0	0	0
-0.2373261	2.755061	2.281697	7.597402	3.5092	8.919385	3.627356	0.5989015	8.94516	82	612	7	10	0	0	0	0	0	1	0	0	0
-1.002216	2.520596	1.779809	6.681499	-1.886984	7.476898	3.704489	1.178252	8.929901	82	613	8	10	0	0	0	0	0	0	1	0	0
1.615688	1.993066	1.12407	8.128726	0.142844	3.320587	3.974153	0.6884038	8.912493	82	614	9	10	0	0	0	0	0	0	0	1	0
2.934284	1.702928	0.4638384	7.990916	-2.394938	6.76081	3.954715	0.3248852	8.940209	82	615	10	10	0	0	0	0	0	0	0	0	1
-1.846096	-0.194	2.587665	17.45671	-7.29808	19.29915	5.343333	2.461908	6.787547	83	616	1	10	0	0	0	0	0	0	0	0	0
4.601564	0.2715527	2.631838	15.84502	-0.068062	2.279303	5.15776	3.170703	6.719934	83	617	2	10	1	0	0	0	0	0	0	0	0
2.773351	1.135908	2.325627	15.01558	-3.608384	9.53494	4.899095	1.812985	6.860741	83	618	3	10	0	1	0	0	0	0	0	0	0
5.06293	1.996603	1.844154	15.88397	1.559372	6.900378	4.530845	2.870291	7.014826	83	619	4	10	0	0	1	0	0	0	0	0	0
3.132407	1.857859	1.722648	19.65999	0.3825116	14.92577	4.363069	1.493599	7.224234	83	620	5	10	0	0	0	1	0	0	0	0	0
3.920037	2.839663	1.537873	18.04542	3.878406	9.887536	4.299553	0.4451083	7.385799	83	621	6	10	0	0	0	0	1	0	0	0	0
3.635427	2.145697	1.427323	12.7767	-1.835252	2.665841	4.219111	0.352814	7.619318	83	622	7	10	0	0	0	0	0	1	0	0	0
4.640779	2.569095	1.26903	11.84828	0.171984	2.468414	4.276244	2.007509	7.80239	83	623	8	10	0	0	0	0	0	0	1	0	0
4.365214	2.245591	1.071383	11.76909	2.075834	3.248777	4.388245	0.9242714	7.979412	83	624	9	10	0	0	0	0	0	0	0	1	0
2.388161	2.169739	0.8744032	11.14556	-0.28624	3.49733	4.444865	1.244331	8.196505	83	625	10	10	0	0	0	0	0	0	0	0	1
2.737677	2.425687	1.641844	12.29979	1.412156	3.914465	5.027625	2.750743	8.072732	84	626	1	6	0	0	0	0	0	0	0	0	0
3.60169	2.125609	1.517958	11.05317	4.524262	6.729559	4.813124	3.190285	8.130832	84	627	2	6	1	0	0	0	0	0	0	0	0
7.351493	1.151837	1.259639	9.09144	1.79765	7.019747	4.835535	2.766493	8.268065	84	628	3	6	0	1	0	0	0	0	0	0	0
0.6833701	1.342865	1.036354	10.8333	-0.5702936	4.162485	4.920503	1.888445	8.626917	84	629	4	6	0	0	1	0	0	0	0	0	0
1.323387	0.972293	1.190749	13.54283	-14.51671	9.419838	4.680878	2.329981	8.793025	84	630	5	6	0	0	0	1	0	0	0	0	0
0.3963797	0.8135933	1.151109	12.00572	3.808718	3.20621	4.706172	2.22679	8.806552	84	631	6	6	0	0	0	0	1	0	0	0	0
3.225347	2.347941	1.288638	10.04843	5.714216	14.3549	5.002	1.845379	7.92437	85	632	1	6	0	0	0	0	0	0	0	0	0
6.247276	2.204752	1.119122	9.268275	19.37266	11.25451	5.028355	2.729616	7.881704	85	633	2	6	1	0	0	0	0	0	0	0	0
4.067365	0.6460556	0.6573365	9.187558	-1.265574	6.726403	5.048694	2.001013	8.155581	85	634	3	6	0	1	0	0	0	0	0	0	0
5.698664	1.475221	0.7854004	8.116049	-6.235546	10.17641	4.800384	1.903644	8.37501	85	635	4	6	0	0	1	0	0	0	0	0	0
2.242269	0.6688545	0.8382294	10.24479	-7.663738	5.634193	4.886905	2.445283	8.692282	85	636	5	6	0	0	0	1	0	0	0	0	0
3.790331	0.0039921	0.4373847	9.60924	-8.351002	15.37857	4.724274	0.9743144	8.804071	85	637	6	6	0	0	0	0	1	0	0	0	0
0.2316738	2.924021	3.380044	18.35879	-0.959108	7.074003	3.288383	0.8666461	6.957404	86	638	1	6	0	0	0	0	0	0	0	0	0
-3.101408	3.334915	4.168275	14.30743	4.750298	7.74561	3.482092	1.148568	7.048247	86	639	2	6	1	0	0	0	0	0	0	0	0
1.796856	3.792518	2.76869	9.175944	2.781183	8.343057	2.83333	0.7664357	6.937335	86	640	3	6	0	1	0	0	0	0	0	0	0
1.702767	4.650411	2.874573	7.438448	-0.5181017	10.02167	2.763208	-0.4420525	6.920153	86	641	4	6	0	0	1	0	0	0	0	0	0
-2.472248	4.028739	2.743739	8.614809	10.59645	9.033814	2.934836	1.039049	6.998518	86	642	5	6	0	0	0	1	0	0	0	0	0
4.714194	1.972413	2.648764	11.20734	19.65205	16.38111	3.491373	-0.5368803	7.017351	86	643	6	6	0	0	0	0	1	0	0	0	0
6.204691	2.340074	-0.8911859	15.94361	-0.446932	12.03482	4.632327	1.951382	8.217501	87	644	1	6	0	0	0	0	0	0	0	0	0
-1.016399	2.03549	0.4020654	10.11631	4.199046	18.91687	4.493349	3.00214	8.437319	87	645	2	6	1	0	0	0	0	0	0	0	0
0.9615376	2.901751	1.06885	8.919937	3.725224	8.463056	3.900938	1.822724	8.477633	87	646	3	6	0	1	0	0	0	0	0	0	0
-8.129613	4.793093	0.982586	13.39311	1.934416	21.90314	4.201619	4.641427	8.481894	87	647	4	6	0	0	1	0	0	0	0	0	0
16.19618	4.276444	0.7761446	19.22653	-3.402074	11.10951	4.640938	3.956806	8.337396	87	648	5	6	0	0	0	1	0	0	0	0	0
8.341776	3.377246	0.5318775	24.73517	8.120077	19.18067	4.212263	2.664547	8.402479	87	649	6	6	0	0	0	0	1	0	0	0	0
5.722392	2.555054	3.025739	11.27095	-14.17632	26.8702	4.907135	1.429799	8.118874	88	650	1	6	0	0	0	0	0	0	0	0	0
0.0338141	2.695438	3.447354	11.56117	2.551384	2.237598	4.973157	2.004525	8.498074	88	651	2	6	1	0	0	0	0	0	0	0	0
5.170529	2.71496	4.097496	10.90279	6.327188	16.87094	4.969592	1.08753	8.602783	88	652	3	6	0	1	0	0	0	0	0	0	0
0.6080739	2.4046	3.216329	9.249226	1.03	4.247724	4.953541	1.198267	8.749561	88	653	4	6	0	0	1	0	0	0	0	0	0
2.821886	2.080691	2.005468	8.65966	-2.226698	6.019981	4.932434	2.46798	8.881425	88	654	5	6	0	0	0	1	0	0	0	0	0
2.135269	2.101937	1.055069	6.669284	2.195366	9.152042	5.008385	2.763059	8.949327	88	655	6	6	0	0	0	0	1	0	0	0	0
1.315585	0.3674169	3.278423	7.378996	-1.008268	9.144875	4.233784	1.738995	6.871989	89	656	1	8	0	0	0	0	0	0	0	0	0
4.943044	2.266751	3.421309	6.893663	-1.437474	5.619715	4.258726	2.065742	6.964946	89	657	2	8	1	0	0	0	0	0	0	0	0
4.839592	2.179739	3.42411	11.15129	-4.93666	7.330858	4.262065	2.308772	7.136051	89	658	3	8	0	1	0	0	0	0	0	0	0
1.841804	2.600465	3.578124	10.62702	-0.0282959	3.083735	3.876213	2.118199	7.427321	89	659	4	8	0	0	1	0	0	0	0	0	0
-4.332252	3.457893	3.510552	8.303832	10.64088	14.13619	4.090489	1.925487	7.607301	89	660	5	8	0	0	0	1	0	0	0	0	0
2.882206	2.609481	3.009813	7.631627	-1.493918	13.55971	4.263841	0.5954288	7.449112	89	661	6	8	0	0	0	0	1	0	0	0	0
2.654779	1.002101	2.653271	7.145833	6.98987	9.000357	4.174349	1.294678	7.414089	89	662	7	8	0	0	0	0	0	1	0	0	0
0.632277	0.2806575	2.555195	7.557076	0.2232477	10.54592	4.206948	1.70491	7.59829	89	663	8	8	0	0	0	0	0	0	1	0	0
1.620613	2.691785	3.08559	2.956127	-2.7873	5.609854	3.510242	0.4212028	6.220353	90	664	1	8	0	0	0	0	0	0	0	0	0
-1.597416	2.217245	3.298296	4.944101	-10.80708	11.41441	3.734418	0.0141389	6.378996	90	665	2	8	1	0	0	0	0	0	0	0	0
0.2702514	2.55007	3.075995	5.216562	1.895418	17.03031	3.719808	-1.058375	6.346046	90	666	3	8	0	1	0	0	0	0	0	0	0
-2.226538	3.387707	3.085729	5.192635	1.216768	3.54507	3.666174	0.721321	6.36424	90	667	4	8	0	0	1	0	0	0	0	0	0
-0.614709	3.419037	3.14573	6.19192	-5.072128	2.85158	3.654478	0.8345478	6.286051	90	668	5	8	0	0	0	1	0	0	0	0	0
-0.7240411	3.36557	3.125757	7.883239	4.994564	4.684752	3.968371	1.566654	6.208628	90	669	6	8	0	0	0	0	1	0	0	0	0
13.26286	2.846536	2.50157	5.478063	6.21233	5.893442	3.726765	2.695822	6.20858	90	670	7	8	0	0	0	0	0	1	0	0	0
3.522326	1.137833	2.148671	4.028956	7.554458	6.48781	3.808486	2.003394	6.513751	90	671	8	8	0	0	0	0	0	0	1	0	0
1.665088	1.259029	3.287582	15.76596	1.643792	7.28296	3.754651	0.9608424	6.884476	91	672	1	10	0	0	0	0	0	0	0	0	0
4.757672	0.6450068	3.127607	20.77684	2.042076	7.074311	3.716642	1.0722	6.788618	91	673	2	10	1	0	0	0	0	0	0	0	0
5.405985	0.9368774	2.993654	29.68936	-2.557022	7.565497	3.954688	1.497488	7.036371	91	674	3	10	0	1	0	0	0	0	0	0	0
4.376239	2.198335	2.759418	30.48488	2.553692	7.056682	3.93989	1.05338	7.28414	91	675	4	10	0	0	1	0	0	0	0	0	0
5.8146	1.943049	2.177911	29.7091	-2.728632	4.714262	3.912773	1.329644	7.525602	91	676	5	10	0	0	0	1	0	0	0	0	0
4.045254	2.133219	1.904148	28.50079	2.613314	7.268595	3.958371	1.166637	7.773561	91	677	6	10	0	0	0	0	1	0	0	0	0
6.317048	1.158766	1.512225	28.86374	2.74018	7.616034	4.126453	2.642583	7.993846	91	678	7	10	0	0	0	0	0	1	0	0	0
8.132931	1.577328	1.315412	40.03732	-0.502096	4.111547	4.523912	1.827678	8.227248	91	679	8	10	0	0	0	0	0	0	1	0	0
0.1994323	1.633154	1.178961	31.89314	8.24511	23.02515	4.652044	1.46165	8.631184	91	680	9	10	0	0	0	0	0	0	0	1	0
3.500602	0.5187938	0.9982105	21.21569	-3.844472	2.27278	4.819965	1.462734	8.795931	91	681	10	10	0	0	0	0	0	0	0	0	1
-0.5068936	1.950187	3.690534	7.666957	18.97184	53.35104	4.006932	1.634814	7.107987	92	682	1	7	0	0	0	0	0	0	0	0	0
0.8243228	2.486406	2.83155	14.95953	-15.45572	12.9671	4.123765	2.580912	7.201724	92	683	2	7	1	0	0	0	0	0	0	0	0
-5.38517	2.282178	3.396142	11.45943	9.202546	5.484411	4.443097	1.771256	7.18912	92	684	3	7	0	1	0	0	0	0	0	0	0
-2.004384	-0.726	3.710736	13.04794	-3.247924	2.133571	4.667031	1.993869	7.004065	92	685	4	7	0	0	1	0	0	0	0	0	0
-0.7284445	2.102914	2.297082	10.40607	2.436102	6.400223	4.391788	3.070982	6.80391	92	686	5	7	0	0	0	1	0	0	0	0	0
-0.2899129	1.800719	4.125772	9.051998	-3.167702	9.651319	4.206285	1.715663	6.762875	92	687	6	7	0	0	0	0	1	0	0	0	0
-2.143544	0.5068176	2.615168	9.644963	0.918314	4.562397	4.545279	2.414171	6.786897	92	688	7	7	0	0	0	0	0	1	0	0	0
1.622809	2.335826	0.8206434	12.12862	-0.51441	6.48585	4.611089	2.64683	6.956279	93	689	1	6	0	0	0	0	0	0	0	0	0
17.28096	2.451867	0.3331185	10.62354	0.548442	4.985178	4.429592	2.188852	7.065049	93	690	2	6	1	0	0	0	0	0	0	0	0
3.077632	2.435716	-0.0285695	10.20912	-0.126698	3.636312	4.551115	1.448841	7.5567	93	691	3	6	0	1	0	0	0	0	0	0	0
1.651036	1.799066	0.3594811	8.377848	0.46618	3.422466	4.375313	2.4756	7.939026	93	692	4	6	0	0	1	0	0	0	0	0	0
0.9813471	1.051521	1.256046	9.258588	0.054522	3.334618	4.413465	2.36664	8.059468	93	693	5	6	0	0	0	1	0	0	0	0	0
0.1970518	2.253185	1.555979	10.26948	0.233876	3.576055	4.408149	2.344586	8.083488	93	694	6	6	0	0	0	0	1	0	0	0	0
8.537966	1.09661	3.214797	20.88671	-0.346866	5.805039	3.938428	0.0585632	8.2215	94	695	1	10	0	0	0	0	0	0	0	0	0
4.920144	0.8064759	2.489186	18.53364	-0.0334101	3.564864	4.026669	0.7897666	8.545259	94	696	2	10	1	0	0	0	0	0	0	0	0
3.622379	1.318016	0.8332036	12.89113	2.377056	14.02647	4.048451	0.3441492	8.839859	94	697	3	10	0	1	0	0	0	0	0	0	0
2.624888	2.345261	0.6678611	17.89147	12.6002	36.79457	4.187487	0.6067591	8.990267	94	698	4	10	0	0	1	0	0	0	0	0	0
4.668872	2.555521	1.514147	27.03088	-7.947366	16.73061	4.258398	1.687168	9.138555	94	699	5	10	0	0	0	1	0	0	0	0	0
-1.891713	2.666255	1.399976	28.85976	-1.487598	24.0414	4.36832	1.976759	9.351811	94	700	6	10	0	0	0	0	1	0	0	0	0
-4.81109	2.202765	0.8560832	18.0893	6.480596	13.06171	4.552652	2.174446	9.464602	94	701	7	10	0	0	0	0	0	1	0	0	0
3.168483	2.102425	-0.560025	12.35892	4.469306	18.39254	4.491232	1.864621	9.142962	94	702	8	10	0	0	0	0	0	0	1	0	0
3.586137	1.447389	-0.6264791	17.37965	-2.565216	20.14215	4.582834	2.613828	9.163864	94	703	9	10	0	0	0	0	0	0	0	1	0
11.08159	1.424072	-0.4146055	13.55779	3.876524	11.27096	4.650491	2.140733	9.309148	94	704	10	10	0	0	0	0	0	0	0	0	1
6.116367	1.419245	2.148084	24.68989	-5.33531	7.568955	4.391045	1.268708	7.785142	95	705	1	7	0	0	0	0	0	0	0	0	0
2.774858	1.958121	2.48022	25.20794	-2.704992	7.422681	4.592226	2.359274	8.07273	95	706	2	7	1	0	0	0	0	0	0	0	0
2.214594	2.306577	2.731428	25.43681	-4.272962	5.262596	4.674271	1.572161	8.242862	95	707	3	7	0	1	0	0	0	0	0	0	0
2.140234	1.931811	2.307975	14.50985	5.095218	8.488754	4.472483	1.899984	8.374003	95	708	4	7	0	0	1	0	0	0	0	0	0
2.967908	-2.712	1.862869	13.84652	0.3524179	3.839197	4.544616	1.00714	8.482943	95	709	5	7	0	0	0	1	0	0	0	0	0
3.532273	1.359437	1.424966	12.71	0.319146	1.909905	4.52013	1.074995	8.597403	95	710	6	7	0	0	0	0	1	0	0	0	0
3.126753	1.027474	1.142085	12.54218	0.015428	1.44504	4.530757	1.444004	8.742124	95	711	7	7	0	0	0	0	0	1	0	0	0
4.964595	2.895359	2.816607	8.002533	-4.73029	17.79556	2.169788	0.2125715	7.527419	96	712	1	10	0	0	0	0	0	0	0	0	0
1.568097	0.6471033	2.574323	8.631051	18.35689	11.73322	2.558126	0.9094337	7.707323	96	713	2	10	1	0	0	0	0	0	0	0	0
3.286104	1.621367	2.487291	9.754106	-0.648272	6.90211	2.42086	-0.2501297	7.773438	96	714	3	10	0	1	0	0	0	0	0	0	0
2.486129	2.574138	2.62929	12.17925	-7.446984	9.257289	2.625967	0.5090543	7.927917	96	715	4	10	0	0	1	0	0	0	0	0	0
2.224661	3.512202	2.392548	13.10044	4.853564	8.562775	2.586622	0.9003518	8.070289	96	716	5	10	0	0	0	1	0	0	0	0	0
1.184364	3.941077	2.43323	9.116652	10.94819	16.03584	3.014626	1.44759	8.230503	96	717	6	10	0	0	0	0	1	0	0	0	0
2.453605	3.933275	1.984944	13.01123	2.24127	8.091679	3.1957	0.653787	8.220557	96	718	7	10	0	0	0	0	0	1	0	0	0
1.950139	4.300572	1.796615	16.54151	5.236506	13.03936	3.412585	0.933522	8.374453	96	719	8	10	0	0	0	0	0	0	1	0	0
2.506218	4.391234	1.765612	18.30232	-3.181854	4.076587	3.775852	1.581636	8.496282	96	720	9	10	0	0	0	0	0	0	0	1	0
1.969577	3.627961	1.466784	17.16179	-0.1375118	8.447208	4.077381	2.099541	8.6051	96	721	10	10	0	0	0	0	0	0	0	0	1
-1.16788	3.969499	2.725669	2.209859	0.5964331	15.07427	3.502671	2.098281	6.869793	97	722	1	5	0	0	0	0	0	0	0	0	0
-1.598976	5.045011	3.857837	3.215776	-10.82525	24.1171	3.55526	1.140621	6.575141	97	723	2	5	1	0	0	0	0	0	0	0	0
6.092172	3.253779	3.648973	2.999539	2.404344	5.001652	3.336213	0.8097567	6.497154	97	724	3	5	0	1	0	0	0	0	0	0	0
2.872775	1.768832	2.811065	3.57862	2.694514	5.111799	3.656858	1.240628	6.644277	97	725	4	5	0	0	1	0	0	0	0	0	0
1.956318	1.141672	3.035139	3.342822	2.932124	7.472632	3.630225	0.8518547	6.85253	97	726	5	5	0	0	0	1	0	0	0	0	0
-2.375714	2.861057	1.495521	14.22383	12.6703	22.08958	2.737529	0.0846021	8.721766	98	727	1	10	0	0	0	0	0	0	0	0	0
0.0447046	3.301598	1.316315	13.33379	7.243168	13.89404	2.787139	-0.2352055	8.760141	98	728	2	10	1	0	0	0	0	0	0	0	0
0.7069128	4.29213	1.017174	10.50209	3.780462	22.76842	2.750904	-0.5681564	8.703467	98	729	3	10	0	1	0	0	0	0	0	0	0
0.9889663	4.063714	0.2585018	11.75818	-4.047582	10.24714	2.907279	-1.124897	8.677257	98	730	4	10	0	0	1	0	0	0	0	0	0
5.095711	4.09973	0.4673095	17.13853	-0.8463142	6.835292	3.095925	0.3335691	8.749454	98	731	5	10	0	0	0	1	0	0	0	0	0
-3.622246	3.788815	0.5782234	16.03146	10.11823	21.8575	3.181082	-0.5529143	8.902901	98	732	6	10	0	0	0	0	1	0	0	0	0
3.534158	4.262145	0.6207822	9.55147	1.638266	7.633637	3.230974	0.1681727	8.956249	98	733	7	10	0	0	0	0	0	1	0	0	0
4.773248	4.335459	0.6992742	11.88922	-5.996566	13.99229	3.462237	1.196643	8.945085	98	734	8	10	0	0	0	0	0	0	1	0	0
1.885655	3.062269	0.7117837	14.2049	-0.712724	2.744345	3.656164	0.6248469	9.098851	98	735	9	10	0	0	0	0	0	0	0	1	0
-1.800512	2.334665	0.76617	10.77994	5.349016	12.81942	3.650657	0.7063197	9.277541	98	736	10	10	0	0	0	0	0	0	0	0	1
2.965616	0.5092244	4.191914	31.63702	-0.95387	12.20816	3.88199	0.9964314	8.578813	99	737	1	10	0	0	0	0	0	0	0	0	0
1.462896	-0.03	3.787027	20.3637	8.599614	6.579316	3.79722	-0.1078749	8.771547	99	738	2	10	1	0	0	0	0	0	0	0	0
1.302866	0.3701833	3.487834	20.76878	-6.074356	13.1562	3.791524	-0.0767624	8.769542	99	739	3	10	0	1	0	0	0	0	0	0	0
2.595738	1.433655	3.402967	22.5623	15.04423	46.78421	3.764739	1.134186	8.883304	99	740	4	10	0	0	1	0	0	0	0	0	0
2.188199	2.199444	3.171035	25.13169	-5.213275	26.09218	3.655808	0.8972124	8.957314	99	741	5	10	0	0	0	1	0	0	0	0	0
-3.847497	2.567408	2.879711	16.22087	8.121296	34.81603	3.410757	1.193601	9.150931	99	742	6	10	0	0	0	0	1	0	0	0	0
-1.143689	3.496447	2.644293	13.72111	16.31987	39.2225	3.413621	-0.0730237	9.027205	99	743	7	10	0	0	0	0	0	1	0	0	0
1.265903	3.714693	2.314041	11.64687	7.462234	41.43633	3.507062	0.6203419	8.950199	99	744	8	10	0	0	0	0	0	0	1	0	0
-1.186786	3.98598	1.848789	13.21232	2.938396	28.24675	3.735016	1.133579	8.978355	99	745	9	10	0	0	0	0	0	0	0	1	0
-0.0331472	3.034953	1.620157	11.19477	-1.520822	82.86521	3.741679	1.011651	8.935784	99	746	10	10	0	0	0	0	0	0	0	0	1
6.395266	2.71668	3.021479	91.96599	-5.600076	23.74901	5.145157	3.005702	7.064361	100	747	1	7	0	0	0	0	0	0	0	0	0
0.0705535	2.131322	2.945161	38.59175	8.633986	22.77175	4.647432	3.179353	7.206903	100	748	2	7	1	0	0	0	0	0	0	0	0
0.0601024	2.744832	3.484178	12.18888	-0.5525938	16.33439	4.114174	2.759081	7.231476	100	749	3	7	0	1	0	0	0	0	0	0	0
-1.098049	3.569138	3.194098	5.512634	-3.328706	17.9034	4.00888	1.868269	7.195761	100	750	4	7	0	0	1	0	0	0	0	0	0
-5.583787	4.808503	2.379467	5.159155	3.426138	8.640764	3.967591	1.524265	7.086733	100	751	5	7	0	0	0	1	0	0	0	0	0
-2.026316	3.425435	2.105271	11.18592	-8.926254	14.21333	4.166666	1.080055	6.963835	100	752	6	7	0	0	0	0	1	0	0	0	0
3.635292	3.082093	1.78902	15.89209	8.345554	4.207855	3.908362	1.718773	6.729842	100	753	7	7	0	0	0	0	0	1	0	0	0
2.532965	0.6668032	3.361258	14.85549	-0.1851439	11.12298	3.801074	1.944881	7.732945	101	754	1	8	0	0	0	0	0	0	0	0	0
8.07969	1.26243	2.891117	16.61671	-1.6979	6.463987	3.498886	0.3781534	7.721071	101	755	2	8	1	0	0	0	0	0	0	0	0
-2.344978	2.399167	2.2157	11.98805	0.810222	8.41685	3.446766	1.27901	8.084435	101	756	3	8	0	1	0	0	0	0	0	0	0
0.3409657	2.673459	3.659833	11.18427	1.234076	9.722748	3.475698	0.6348464	8.036114	101	757	4	8	0	0	1	0	0	0	0	0	0
2.234717	2.408566	3.659086	11.6987	1.862942	5.9913	3.599981	0.7437876	8.16025	101	758	5	8	0	0	0	1	0	0	0	0	0
-0.9482993	3.277975	2.438097	13.4287	-1.437656	9.881677	3.813421	2.277084	8.023471	101	759	6	8	0	0	0	0	1	0	0	0	0
0.445217	3.421654	1.560334	13.38032	1.435782	6.433155	4.281511	1.804235	8.111222	101	760	7	8	0	0	0	0	0	1	0	0	0
-6.010983	5.285891	1.021299	11.54444	0.8488379	13.42659	4.243524	1.136032	8.035233	101	761	8	8	0	0	0	0	0	0	1	0	0