8.277819	0	0	0	0	0	0	0	0
8.358317	8.277819	0	0	0	0	0	0	0
8.416721	8.358317	8.277819	0	0	0	0	0	0
8.558526	8.416721	8.358317	8.277819	0	0	0	0	0
8.643224	8.558526	8.416721	8.358317	8.277819	0	0	0	0
8.608824	8.643224	8.558526	8.416721	8.358317	8.277819	0	0	0
8.835997	0	0	0	0	0	0	0	0
8.916472	8.835997	0	0	0	0	0	0	0
8.972136	8.916472	8.835997	0	0	0	0	0	0
9.101458	8.972136	8.916472	8.835997	0	0	0	0	0
9.226865	9.101458	8.972136	8.916472	8.835997	0	0	0	0
9.255023	9.226865	9.101458	8.972136	8.916472	8.835997	0	0	0
9.212952	9.255023	9.226865	9.101458	8.972136	8.916472	8.835997	0	0
9.122108	9.212952	9.255023	9.226865	9.101458	8.972136	8.916472	8.835997	0
9.185996	9.122108	9.212952	9.255023	9.226865	9.101458	8.972136	8.916472	8.835997
9.678919	0	0	0	0	0	0	0	0
9.502175	9.678919	0	0	0	0	0	0	0
9.800654	9.502175	9.678919	0	0	0	0	0	0
9.90428	9.800654	9.502175	9.678919	0	0	0	0	0
9.832136	9.90428	9.800654	9.502175	9.678919	0	0	0	0
9.447621	0	0	0	0	0	0	0	0
9.895386	9.447621	0	0	0	0	0	0	0
9.790226	9.895386	9.447621	0	0	0	0	0	0
9.678083	9.790226	9.895386	9.447621	0	0	0	0	0
9.751663	9.678083	9.790226	9.895386	9.447621	0	0	0	0
9.118993	0	0	0	0	0	0	0	0
9.401481	9.118993	0	0	0	0	0	0	0
9.401396	9.401481	9.118993	0	0	0	0	0	0
9.483295	9.401396	9.401481	9.118993	0	0	0	0	0
9.587335	9.483295	9.401396	9.401481	9.118993	0	0	0	0
9.539519	9.587335	9.483295	9.401396	9.401481	9.118993	0	0	0
7.016416	0	0	0	0	0	0	0	0
7.949149	0	0	0	0	0	0	0	0
7.822266	7.949149	0	0	0	0	0	0	0
7.830646	7.822266	7.949149	0	0	0	0	0	0
7.926394	7.830646	7.822266	7.949149	0	0	0	0	0
7.896928	7.926394	7.830646	7.822266	7.949149	0	0	0	0
8.045033	7.896928	7.926394	7.830646	7.822266	7.949149	0	0	0
7.959198	8.045033	7.896928	7.926394	7.830646	7.822266	7.949149	0	0
7.829751	7.959198	8.045033	7.896928	7.926394	7.830646	7.822266	7.949149	0
7.873829	7.829751	7.959198	8.045033	7.896928	7.926394	7.830646	7.822266	7.949149
7.333054	0	0	0	0	0	0	0	0
7.790017	7.333054	0	0	0	0	0	0	0
8.021684	7.790017	7.333054	0	0	0	0	0	0
8.373051	8.021684	7.790017	7.333054	0	0	0	0	0
8.660164	8.373051	8.021684	7.790017	7.333054	0	0	0	0
8.140228	0	0	0	0	0	0	0	0
8.457219	8.140228	0	0	0	0	0	0	0
8.707644	8.457219	8.140228	0	0	0	0	0	0
8.74789	8.707644	8.457219	8.140228	0	0	0	0	0
8.857635	8.74789	8.707644	8.457219	8.140228	0	0	0	0
8.82469	8.857635	8.74789	8.707644	8.457219	8.140228	0	0	0
6.526443	0	0	0	0	0	0	0	0
6.50801	6.526443	0	0	0	0	0	0	0
6.541156	6.50801	6.526443	0	0	0	0	0	0
6.558924	6.541156	6.50801	6.526443	0	0	0	0	0
6.649393	6.558924	6.541156	6.50801	6.526443	0	0	0	0
6.737889	6.649393	6.558924	6.541156	6.50801	6.526443	0	0	0
6.740553	6.737889	6.649393	6.558924	6.541156	6.50801	6.526443	0	0
6.434278	0	0	0	0	0	0	0	0
6.489964	6.434278	0	0	0	0	0	0	0
6.685428	6.489964	6.434278	0	0	0	0	0	0
6.779159	6.685428	6.489964	6.434278	0	0	0	0	0
6.797497	6.779159	6.685428	6.489964	6.434278	0	0	0	0
6.874183	6.797497	6.779159	6.685428	6.489964	6.434278	0	0	0
6.916067	6.874183	6.797497	6.779159	6.685428	6.489964	6.434278	0	0
7.55979	0	0	0	0	0	0	0	0
7.569803	7.55979	0	0	0	0	0	0	0
7.635067	7.569803	7.55979	0	0	0	0	0	0
7.982627	7.635067	7.569803	7.55979	0	0	0	0	0
8.061416	7.982627	7.635067	7.569803	7.55979	0	0	0	0
7.789217	8.061416	7.982627	7.635067	7.569803	7.55979	0	0	0
7.542386	0	0	0	0	0	0	0	0
7.694525	7.542386	0	0	0	0	0	0	0
7.946263	7.694525	7.542386	0	0	0	0	0	0
8.010124	7.946263	7.694525	7.542386	0	0	0	0	0
6.919355	0	0	0	0	0	0	0	0
7.001298	6.919355	0	0	0	0	0	0	0
6.939945	7.001298	6.919355	0	0	0	0	0	0
6.922813	6.939945	7.001298	6.919355	0	0	0	0	0
6.758882	6.922813	6.939945	7.001298	6.919355	0	0	0	0
6.94404	0	0	0	0	0	0	0	0
6.827301	6.94404	0	0	0	0	0	0	0
6.771061	6.827301	6.94404	0	0	0	0	0	0
6.485597	6.771061	6.827301	6.94404	0	0	0	0	0
6.748972	6.485597	6.771061	6.827301	6.94404	0	0	0	0
6.766619	6.748972	6.485597	6.771061	6.827301	6.94404	0	0	0
8.457388	0	0	0	0	0	0	0	0
8.57204	8.457388	0	0	0	0	0	0	0
8.66232	8.57204	8.457388	0	0	0	0	0	0
8.744043	8.66232	8.57204	8.457388	0	0	0	0	0
8.63932	8.744043	8.66232	8.57204	8.457388	0	0	0	0
8.722991	8.63932	8.744043	8.66232	8.57204	8.457388	0	0	0
8.741299	8.722991	8.63932	8.744043	8.66232	8.57204	8.457388	0	0
9.006124	8.741299	8.722991	8.63932	8.744043	8.66232	8.57204	8.457388	0
6.124201	0	0	0	0	0	0	0	0
6.287008	6.124201	0	0	0	0	0	0	0
6.456517	6.287008	6.124201	0	0	0	0	0	0
6.785022	6.456517	6.287008	6.124201	0	0	0	0	0
7.216899	6.785022	6.456517	6.287008	6.124201	0	0	0	0
7.602636	7.216899	6.785022	6.456517	6.287008	6.124201	0	0	0
7.854453	0	0	0	0	0	0	0	0
7.913249	7.854453	0	0	0	0	0	0	0
7.98555	7.913249	7.854453	0	0	0	0	0	0
8.062338	7.98555	7.913249	7.854453	0	0	0	0	0
8.235817	8.062338	7.98555	7.913249	7.854453	0	0	0	0
8.380616	8.235817	8.062338	7.98555	7.913249	7.854453	0	0	0
8.47587	8.380616	8.235817	8.062338	7.98555	7.913249	7.854453	0	0
8.53786	8.47587	8.380616	8.235817	8.062338	7.98555	7.913249	7.854453	0
8.621976	8.53786	8.47587	8.380616	8.235817	8.062338	7.98555	7.913249	7.854453
7.001488	0	0	0	0	0	0	0	0
7.239189	7.001488	0	0	0	0	0	0	0
7.413044	7.239189	7.001488	0	0	0	0	0	0
7.912676	7.413044	7.239189	7.001488	0	0	0	0	0
7.840001	7.912676	7.413044	7.239189	7.001488	0	0	0	0
7.750397	7.840001	7.912676	7.413044	7.239189	7.001488	0	0	0
8.170892	0	0	0	0	0	0	0	0
8.337359	8.170892	0	0	0	0	0	0	0
8.4017	8.337359	8.170892	0	0	0	0	0	0
8.547223	8.4017	8.337359	8.170892	0	0	0	0	0
8.693061	8.547223	8.4017	8.337359	8.170892	0	0	0	0
8.817826	8.693061	8.547223	8.4017	8.337359	8.170892	0	0	0
8.755381	8.817826	8.693061	8.547223	8.4017	8.337359	8.170892	0	0
8.732664	8.755381	8.817826	8.693061	8.547223	8.4017	8.337359	8.170892	0
8.801878	8.732664	8.755381	8.817826	8.693061	8.547223	8.4017	8.337359	8.170892
7.282375	0	0	0	0	0	0	0	0
7.450373	7.282375	0	0	0	0	0	0	0
7.592945	7.450373	7.282375	0	0	0	0	0	0
7.719386	7.592945	7.450373	7.282375	0	0	0	0	0
7.686722	7.719386	7.592945	7.450373	7.282375	0	0	0	0
7.757821	7.686722	7.719386	7.592945	7.450373	7.282375	0	0	0
7.674613	7.757821	7.686722	7.719386	7.592945	7.450373	7.282375	0	0
8.676178	0	0	0	0	0	0	0	0
8.769595	8.676178	0	0	0	0	0	0	0
9.120509	8.769595	8.676178	0	0	0	0	0	0
9.38947	9.120509	8.769595	8.676178	0	0	0	0	0
9.626992	9.38947	9.120509	8.769595	8.676178	0	0	0	0
8.368237	0	0	0	0	0	0	0	0
8.244607	8.368237	0	0	0	0	0	0	0
8.396071	8.244607	8.368237	0	0	0	0	0	0
8.641233	8.396071	8.244607	8.368237	0	0	0	0	0
8.805154	8.641233	8.396071	8.244607	8.368237	0	0	0	0
7.551111	0	0	0	0	0	0	0	0
7.758437	7.551111	0	0	0	0	0	0	0
7.775258	7.758437	7.551111	0	0	0	0	0	0
8.024322	7.775258	7.758437	7.551111	0	0	0	0	0
8.160734	8.024322	7.775258	7.758437	7.551111	0	0	0	0
8.350023	8.160734	8.024322	7.775258	7.758437	7.551111	0	0	0
8.364406	8.350023	8.160734	8.024322	7.775258	7.758437	7.551111	0	0
8.415257	8.364406	8.350023	8.160734	8.024322	7.775258	7.758437	7.551111	0
7.708961	0	0	0	0	0	0	0	0
7.786972	7.708961	0	0	0	0	0	0	0
7.842647	7.786972	7.708961	0	0	0	0	0	0
8.07552	7.842647	7.786972	7.708961	0	0	0	0	0
8.427152	8.07552	7.842647	7.786972	7.708961	0	0	0	0
8.494658	8.427152	8.07552	7.842647	7.786972	7.708961	0	0	0
8.4207	8.494658	8.427152	8.07552	7.842647	7.786972	7.708961	0	0
8.408985	8.4207	8.494658	8.427152	8.07552	7.842647	7.786972	7.708961	0
7.202101	0	0	0	0	0	0	0	0
7.337951	7.202101	0	0	0	0	0	0	0
7.47919	7.337951	7.202101	0	0	0	0	0	0
7.556743	7.47919	7.337951	7.202101	0	0	0	0	0
7.670878	7.556743	7.47919	7.337951	7.202101	0	0	0	0
7.885489	7.670878	7.556743	7.47919	7.337951	7.202101	0	0	0
8.028386	7.885489	7.670878	7.556743	7.47919	7.337951	7.202101	0	0
8.172038	8.028386	7.885489	7.670878	7.556743	7.47919	7.337951	7.202101	0
7.919896	0	0	0	0	0	0	0	0
8.0115	7.919896	0	0	0	0	0	0	0
8.05699	8.0115	7.919896	0	0	0	0	0	0
8.199271	8.05699	8.0115	7.919896	0	0	0	0	0
8.252296	8.199271	8.05699	8.0115	7.919896	0	0	0	0
8.374855	8.252296	8.199271	8.05699	8.0115	7.919896	0	0	0
8.225059	8.374855	8.252296	8.199271	8.05699	8.0115	7.919896	0	0
8.216206	8.225059	8.374855	8.252296	8.199271	8.05699	8.0115	7.919896	0
8.282265	8.216206	8.225059	8.374855	8.252296	8.199271	8.05699	8.0115	7.919896
7.772882	0	0	0	0	0	0	0	0
7.511573	7.772882	0	0	0	0	0	0	0
7.340383	7.511573	7.772882	0	0	0	0	0	0
7.294702	7.340383	7.511573	7.772882	0	0	0	0	0
6.022371	0	0	0	0	0	0	0	0
6.130048	6.022371	0	0	0	0	0	0	0
6.202729	6.130048	6.022371	0	0	0	0	0	0
6.193125	6.202729	6.130048	6.022371	0	0	0	0	0
6.220039	6.193125	6.202729	6.130048	6.022371	0	0	0	0
6.080616	6.220039	6.193125	6.202729	6.130048	6.022371	0	0	0
6.269366	6.080616	6.220039	6.193125	6.202729	6.130048	6.022371	0	0
8.178631	0	0	0	0	0	0	0	0
8.333657	8.178631	0	0	0	0	0	0	0
8.374607	8.333657	8.178631	0	0	0	0	0	0
8.326962	8.374607	8.333657	8.178631	0	0	0	0	0
8.504243	8.326962	8.374607	8.333657	8.178631	0	0	0	0
9.029395	0	0	0	0	0	0	0	0
9.398049	9.029395	0	0	0	0	0	0	0
9.764472	9.398049	9.029395	0	0	0	0	0	0
9.911298	9.764472	9.398049	9.029395	0	0	0	0	0
9.579927	9.911298	9.764472	9.398049	9.029395	0	0	0	0
9.463766	9.579927	9.911298	9.764472	9.398049	9.029395	0	0	0
9.482346	9.463766	9.579927	9.911298	9.764472	9.398049	9.029395	0	0
6.535128	0	0	0	0	0	0	0	0
6.783396	6.535128	0	0	0	0	0	0	0
6.794969	6.783396	6.535128	0	0	0	0	0	0
6.855422	6.794969	6.783396	6.535128	0	0	0	0	0
6.827966	6.855422	6.794969	6.783396	6.535128	0	0	0	0
6.817983	6.827966	6.855422	6.794969	6.783396	6.535128	0	0	0
6.777087	6.817983	6.827966	6.855422	6.794969	6.783396	6.535128	0	0
6.344355	0	0	0	0	0	0	0	0
6.520436	6.344355	0	0	0	0	0	0	0
7.118998	6.520436	6.344355	0	0	0	0	0	0
7.001953	7.118998	6.520436	6.344355	0	0	0	0	0
7.015884	7.001953	7.118998	6.520436	6.344355	0	0	0	0
7.000053	7.015884	7.001953	7.118998	6.520436	6.344355	0	0	0
7.067175	7.000053	7.015884	7.001953	7.118998	6.520436	6.344355	0	0
8.100647	0	0	0	0	0	0	0	0
8.194197	8.100647	0	0	0	0	0	0	0
8.304282	8.194197	8.100647	0	0	0	0	0	0
8.388342	8.304282	8.194197	8.100647	0	0	0	0	0
7.739836	0	0	0	0	0	0	0	0
7.754	7.739836	0	0	0	0	0	0	0
7.862739	7.754	7.739836	0	0	0	0	0	0
7.969234	7.862739	7.754	7.739836	0	0	0	0	0
8.121722	7.969234	7.862739	7.754	7.739836	0	0	0	0
8.225076	8.121722	7.969234	7.862739	7.754	7.739836	0	0	0
8.253036	8.225076	8.121722	7.969234	7.862739	7.754	7.739836	0	0
8.15146	8.253036	8.225076	8.121722	7.969234	7.862739	7.754	7.739836	0
8.161372	8.15146	8.253036	8.225076	8.121722	7.969234	7.862739	7.754	7.739836
6.446022	0	0	0	0	0	0	0	0
6.376291	6.446022	0	0	0	0	0	0	0
7.489819	0	0	0	0	0	0	0	0
7.668858	7.489819	0	0	0	0	0	0	0
7.786921	7.668858	7.489819	0	0	0	0	0	0
7.667652	7.786921	7.668858	7.489819	0	0	0	0	0
7.522195	7.667652	7.786921	7.668858	7.489819	0	0	0	0
7.443018	0	0	0	0	0	0	0	0
7.439679	7.443018	0	0	0	0	0	0	0
7.435731	7.439679	7.443018	0	0	0	0	0	0
7.516173	7.435731	7.439679	7.443018	0	0	0	0	0
7.587447	7.516173	7.435731	7.439679	7.443018	0	0	0	0
7.677914	7.587447	7.516173	7.435731	7.439679	7.443018	0	0	0
7.761215	7.677914	7.587447	7.516173	7.435731	7.439679	7.443018	0	0
7.768849	7.761215	7.677914	7.587447	7.516173	7.435731	7.439679	7.443018	0
7.741459	7.768849	7.761215	7.677914	7.587447	7.516173	7.435731	7.439679	7.443018
8.281249	0	0	0	0	0	0	0	0
8.69032	8.281249	0	0	0	0	0	0	0
8.984922	8.69032	8.281249	0	0	0	0	0	0
9.271058	8.984922	8.69032	8.281249	0	0	0	0	0
9.590694	9.271058	8.984922	8.69032	8.281249	0	0	0	0
9.848108	9.590694	9.271058	8.984922	8.69032	8.281249	0	0	0
10.09989	9.848108	9.590694	9.271058	8.984922	8.69032	8.281249	0	0
8.763707	0	0	0	0	0	0	0	0
8.972191	8.763707	0	0	0	0	0	0	0
9.106839	8.972191	8.763707	0	0	0	0	0	0
9.210674	9.106839	8.972191	8.763707	0	0	0	0	0
9.14533	9.210674	9.106839	8.972191	8.763707	0	0	0	0
6.674928	0	0	0	0	0	0	0	0
6.732358	6.674928	0	0	0	0	0	0	0
6.858241	6.732358	6.674928	0	0	0	0	0	0
6.947888	6.858241	6.732358	6.674928	0	0	0	0	0
7.054164	6.947888	6.858241	6.732358	6.674928	0	0	0	0
7.1293	7.054164	6.947888	6.858241	6.732358	6.674928	0	0	0
7.264153	7.1293	7.054164	6.947888	6.858241	6.732358	6.674928	0	0
7.442536	7.264153	7.1293	7.054164	6.947888	6.858241	6.732358	6.674928	0
7.55675	7.442536	7.264153	7.1293	7.054164	6.947888	6.858241	6.732358	6.674928
6.965	0	0	0	0	0	0	0	0
6.976642	6.965	0	0	0	0	0	0	0
7.319347	6.976642	6.965	0	0	0	0	0	0
7.5709	7.319347	6.976642	6.965	0	0	0	0	0
7.645849	7.5709	7.319347	6.976642	6.965	0	0	0	0
7.813462	7.645849	7.5709	7.319347	6.976642	6.965	0	0	0
8.096167	7.813462	7.645849	7.5709	7.319347	6.976642	6.965	0	0
7.906576	0	0	0	0	0	0	0	0
8.136653	7.906576	0	0	0	0	0	0	0
8.406748	8.136653	7.906576	0	0	0	0	0	0
8.839477	8.406748	8.136653	7.906576	0	0	0	0	0
8.874272	8.839477	8.406748	8.136653	7.906576	0	0	0	0
8.529427	8.874272	8.839477	8.406748	8.136653	7.906576	0	0	0
8.402555	8.529427	8.874272	8.839477	8.406748	8.136653	7.906576	0	0
8.512905	8.402555	8.529427	8.874272	8.839477	8.406748	8.136653	7.906576	0
8.691083	0	0	0	0	0	0	0	0
8.955107	8.691083	0	0	0	0	0	0	0
9.143961	8.955107	8.691083	0	0	0	0	0	0
9.477557	9.143961	8.955107	8.691083	0	0	0	0	0
9.549755	9.477557	9.143961	8.955107	8.691083	0	0	0	0
9.581546	9.549755	9.477557	9.143961	8.955107	8.691083	0	0	0
9.648848	9.581546	9.549755	9.477557	9.143961	8.955107	8.691083	0	0
9.776241	9.648848	9.581546	9.549755	9.477557	9.143961	8.955107	8.691083	0
8.046804	0	0	0	0	0	0	0	0
8.213655	8.046804	0	0	0	0	0	0	0
8.287595	8.213655	8.046804	0	0	0	0	0	0
8.461887	8.287595	8.213655	8.046804	0	0	0	0	0
8.358925	8.461887	8.287595	8.213655	8.046804	0	0	0	0
8.236578	8.358925	8.461887	8.287595	8.213655	8.046804	0	0	0
8.264354	8.236578	8.358925	8.461887	8.287595	8.213655	8.046804	0	0
8.43058	8.264354	8.236578	8.358925	8.461887	8.287595	8.213655	8.046804	0
8.536027	0	0	0	0	0	0	0	0
8.271264	8.536027	0	0	0	0	0	0	0
8.210679	8.271264	8.536027	0	0	0	0	0	0
8.424863	8.210679	8.271264	8.536027	0	0	0	0	0
8.497143	8.424863	8.210679	8.271264	8.536027	0	0	0	0
8.152979	8.497143	8.424863	8.210679	8.271264	8.536027	0	0	0
7.070262	0	0	0	0	0	0	0	0
7.07351	7.070262	0	0	0	0	0	0	0
7.171922	7.07351	7.070262	0	0	0	0	0	0
7.082864	7.171922	7.07351	7.070262	0	0	0	0	0
7.094117	7.082864	7.171922	7.07351	7.070262	0	0	0	0
7.115846	7.094117	7.082864	7.171922	7.07351	7.070262	0	0	0
7.140269	7.115846	7.094117	7.082864	7.171922	7.07351	7.070262	0	0
7.168052	7.140269	7.115846	7.094117	7.082864	7.171922	7.07351	7.070262	0
7.619616	0	0	0	0	0	0	0	0
7.966487	7.619616	0	0	0	0	0	0	0
8.309639	7.966487	7.619616	0	0	0	0	0	0
8.529966	8.309639	7.966487	7.619616	0	0	0	0	0
8.908404	8.529966	8.309639	7.966487	7.619616	0	0	0	0
9.297785	8.908404	8.529966	8.309639	7.966487	7.619616	0	0	0
10.98379	0	0	0	0	0	0	0	0
10.57151	10.98379	0	0	0	0	0	0	0
10.10598	10.57151	10.98379	0	0	0	0	0	0
9.932736	10.10598	10.57151	10.98379	0	0	0	0	0
10.12757	9.932736	10.10598	10.57151	10.98379	0	0	0	0
6.658849	0	0	0	0	0	0	0	0
6.856807	6.658849	0	0	0	0	0	0	0
7.077505	6.856807	6.658849	0	0	0	0	0	0
7.156166	7.077505	6.856807	6.658849	0	0	0	0	0
7.187235	7.156166	7.077505	6.856807	6.658849	0	0	0	0
7.147771	0	0	0	0	0	0	0	0
7.151453	7.147771	0	0	0	0	0	0	0
7.21034	7.151453	7.147771	0	0	0	0	0	0
7.082992	7.21034	7.151453	7.147771	0	0	0	0	0
6.958677	7.082992	7.21034	7.151453	7.147771	0	0	0	0
6.870602	6.958677	7.082992	7.21034	7.151453	7.147771	0	0	0
6.792274	6.870602	6.958677	7.082992	7.21034	7.151453	7.147771	0	0
6.265102	0	0	0	0	0	0	0	0
6.326451	6.265102	0	0	0	0	0	0	0
6.503525	6.326451	6.265102	0	0	0	0	0	0
6.568906	6.503525	6.326451	6.265102	0	0	0	0	0
6.571224	6.568906	6.503525	6.326451	6.265102	0	0	0	0
6.540665	6.571224	6.568906	6.503525	6.326451	6.265102	0	0	0
7.428579	0	0	0	0	0	0	0	0
7.570994	7.428579	0	0	0	0	0	0	0
7.746832	7.570994	7.428579	0	0	0	0	0	0
8.074343	7.746832	7.570994	7.428579	0	0	0	0	0
8.347781	8.074343	7.746832	7.570994	7.428579	0	0	0	0
8.584578	8.347781	8.074343	7.746832	7.570994	7.428579	0	0	0
8.687833	8.584578	8.347781	8.074343	7.746832	7.570994	7.428579	0	0
8.962809	8.687833	8.584578	8.347781	8.074343	7.746832	7.570994	7.428579	0
6.42772	0	0	0	0	0	0	0	0
6.517067	6.42772	0	0	0	0	0	0	0
6.61793	6.517067	6.42772	0	0	0	0	0	0
6.635625	6.61793	6.517067	6.42772	0	0	0	0	0
6.721112	6.635625	6.61793	6.517067	6.42772	0	0	0	0
6.807645	6.721112	6.635625	6.61793	6.517067	6.42772	0	0	0
8.154011	0	0	0	0	0	0	0	0
8.816624	8.154011	0	0	0	0	0	0	0
9.080549	8.816624	8.154011	0	0	0	0	0	0
9.255534	9.080549	8.816624	8.154011	0	0	0	0	0
9.505559	9.255534	9.080549	8.816624	8.154011	0	0	0	0
7.273071	0	0	0	0	0	0	0	0
7.110867	7.273071	0	0	0	0	0	0	0
7.103902	7.110867	7.273071	0	0	0	0	0	0
7.145865	7.103902	7.110867	7.273071	0	0	0	0	0
8.483132	0	0	0	0	0	0	0	0
8.400566	8.483132	0	0	0	0	0	0	0
8.385835	8.400566	8.483132	0	0	0	0	0	0
8.457169	8.385835	8.400566	8.483132	0	0	0	0	0
8.769486	8.457169	8.385835	8.400566	8.483132	0	0	0	0
8.796384	8.769486	8.457169	8.385835	8.400566	8.483132	0	0	0
9.04669	8.796384	8.769486	8.457169	8.385835	8.400566	8.483132	0	0
9.28576	9.04669	8.796384	8.769486	8.457169	8.385835	8.400566	8.483132	0
7.965384	0	0	0	0	0	0	0	0
8.140308	7.965384	0	0	0	0	0	0	0
8.266205	8.140308	7.965384	0	0	0	0	0	0
8.458854	8.266205	8.140308	7.965384	0	0	0	0	0
8.606767	8.458854	8.266205	8.140308	7.965384	0	0	0	0
8.752196	8.606767	8.458854	8.266205	8.140308	7.965384	0	0	0
8.891396	8.752196	8.606767	8.458854	8.266205	8.140308	7.965384	0	0
8.809658	8.891396	8.752196	8.606767	8.458854	8.266205	8.140308	7.965384	0
8.868141	8.809658	8.891396	8.752196	8.606767	8.458854	8.266205	8.140308	7.965384
7.199913	0	0	0	0	0	0	0	0
7.149531	7.199913	0	0	0	0	0	0	0
7.43608	7.149531	7.199913	0	0	0	0	0	0
7.656099	7.43608	7.149531	7.199913	0	0	0	0	0
7.787696	7.656099	7.43608	7.149531	7.199913	0	0	0	0
7.955213	7.787696	7.656099	7.43608	7.149531	7.199913	0	0	0
8.06111	7.955213	7.787696	7.656099	7.43608	7.149531	7.199913	0	0
8.156007	8.06111	7.955213	7.787696	7.656099	7.43608	7.149531	7.199913	0
8.211013	8.156007	8.06111	7.955213	7.787696	7.656099	7.43608	7.149531	7.199913
6.97138	0	0	0	0	0	0	0	0
6.851043	6.97138	0	0	0	0	0	0	0
6.969634	6.851043	6.97138	0	0	0	0	0	0
8.549517	0	0	0	0	0	0	0	0
8.569036	8.549517	0	0	0	0	0	0	0
8.537953	8.569036	8.549517	0	0	0	0	0	0
8.483777	8.537953	8.569036	8.549517	0	0	0	0	0
6.687842	0	0	0	0	0	0	0	0
6.731991	6.687842	0	0	0	0	0	0	0
6.754017	6.731991	6.687842	0	0	0	0	0	0
6.820453	6.754017	6.731991	6.687842	0	0	0	0	0
6.837606	6.820453	6.754017	6.731991	6.687842	0	0	0	0
6.957454	6.837606	6.820453	6.754017	6.731991	6.687842	0	0	0
7.061265	6.957454	6.837606	6.820453	6.754017	6.731991	6.687842	0	0
9.424256	0	0	0	0	0	0	0	0
9.478769	9.424256	0	0	0	0	0	0	0
9.601048	9.478769	9.424256	0	0	0	0	0	0
9.473392	9.601048	9.478769	9.424256	0	0	0	0	0
9.574973	9.473392	9.601048	9.478769	9.424256	0	0	0	0
8.699807	0	0	0	0	0	0	0	0
8.74346	8.699807	0	0	0	0	0	0	0
8.79764	8.74346	8.699807	0	0	0	0	0	0
8.594148	8.79764	8.74346	8.699807	0	0	0	0	0
8.432961	8.594148	8.79764	8.74346	8.699807	0	0	0	0
8.140182	8.432961	8.594148	8.79764	8.74346	8.699807	0	0	0
7.104944	0	0	0	0	0	0	0	0
7.099015	7.104944	0	0	0	0	0	0	0
6.895235	7.099015	7.104944	0	0	0	0	0	0
7.014555	6.895235	7.099015	7.104944	0	0	0	0	0
7.098106	7.014555	6.895235	7.099015	7.104944	0	0	0	0
6.932415	7.098106	7.014555	6.895235	7.099015	7.104944	0	0	0
6.820935	6.932415	7.098106	7.014555	6.895235	7.099015	7.104944	0	0
6.671548	0	0	0	0	0	0	0	0
6.768615	6.671548	0	0	0	0	0	0	0
6.976982	6.768615	6.671548	0	0	0	0	0	0
6.79248	6.976982	6.768615	6.671548	0	0	0	0	0
7.030303	6.79248	6.976982	6.768615	6.671548	0	0	0	0
7.112197	7.030303	6.79248	6.976982	6.768615	6.671548	0	0	0
6.895077	7.112197	7.030303	6.79248	6.976982	6.768615	6.671548	0	0
6.867977	6.895077	7.112197	7.030303	6.79248	6.976982	6.768615	6.671548	0
6.977829	6.867977	6.895077	7.112197	7.030303	6.79248	6.976982	6.768615	6.671548
6.707297	0	0	0	0	0	0	0	0
6.754298	6.707297	0	0	0	0	0	0	0
6.964745	6.754298	6.707297	0	0	0	0	0	0
7.149843	6.964745	6.754298	6.707297	0	0	0	0	0
7.251882	7.149843	6.964745	6.754298	6.707297	0	0	0	0
7.444512	7.251882	7.149843	6.964745	6.754298	6.707297	0	0	0
7.627735	7.444512	7.251882	7.149843	6.964745	6.754298	6.707297	0	0
7.732138	7.627735	7.444512	7.251882	7.149843	6.964745	6.754298	6.707297	0
7.628981	0	0	0	0	0	0	0	0
7.729055	7.628981	0	0	0	0	0	0	0
7.934225	7.729055	7.628981	0	0	0	0	0	0
8.155091	7.934225	7.729055	7.628981	0	0	0	0	0
8.296724	8.155091	7.934225	7.729055	7.628981	0	0	0	0
8.428321	8.296724	8.155091	7.934225	7.729055	7.628981	0	0	0
8.709543	8.428321	8.296724	8.155091	7.934225	7.729055	7.628981	0	0
8.738308	8.709543	8.428321	8.296724	8.155091	7.934225	7.729055	7.628981	0
8.817121	8.738308	8.709543	8.428321	8.296724	8.155091	7.934225	7.729055	7.628981
7.810946	0	0	0	0	0	0	0	0
8.187593	7.810946	0	0	0	0	0	0	0
8.163876	8.187593	7.810946	0	0	0	0	0	0
8.195292	8.163876	8.187593	7.810946	0	0	0	0	0
8.256308	8.195292	8.163876	8.187593	7.810946	0	0	0	0
7.839517	0	0	0	0	0	0	0	0
7.87077	7.839517	0	0	0	0	0	0	0
7.934461	7.87077	7.839517	0	0	0	0	0	0
8.044067	7.934461	7.87077	7.839517	0	0	0	0	0
8.280237	8.044067	7.934461	7.87077	7.839517	0	0	0	0
8.511404	8.280237	8.044067	7.934461	7.87077	7.839517	0	0	0
8.508589	8.511404	8.280237	8.044067	7.934461	7.87077	7.839517	0	0
8.544818	8.508589	8.511404	8.280237	8.044067	7.934461	7.87077	7.839517	0
7.91905	0	0	0	0	0	0	0	0
8.008584	7.91905	0	0	0	0	0	0	0
8.152905	8.008584	7.91905	0	0	0	0	0	0
8.335691	8.152905	8.008584	7.91905	0	0	0	0	0
8.473375	8.335691	8.152905	8.008584	7.91905	0	0	0	0
8.514439	8.473375	8.335691	8.152905	8.008584	7.91905	0	0	0
8.463821	8.514439	8.473375	8.335691	8.152905	8.008584	7.91905	0	0
8.399092	8.463821	8.514439	8.473375	8.335691	8.152905	8.008584	7.91905	0
8.172837	8.399092	8.463821	8.514439	8.473375	8.335691	8.152905	8.008584	7.91905
7.332831	0	0	0	0	0	0	0	0
7.537722	7.332831	0	0	0	0	0	0	0
7.672091	7.537722	7.332831	0	0	0	0	0	0
7.752861	7.672091	7.537722	7.332831	0	0	0	0	0
7.866314	7.752861	7.672091	7.537722	7.332831	0	0	0	0
8.036602	7.866314	7.752861	7.672091	7.537722	7.332831	0	0	0
8.108694	8.036602	7.866314	7.752861	7.672091	7.537722	7.332831	0	0
8.015675	8.108694	8.036602	7.866314	7.752861	7.672091	7.537722	7.332831	0
8.071488	8.015675	8.108694	8.036602	7.866314	7.752861	7.672091	7.537722	7.332831
8.45343	0	0	0	0	0	0	0	0
8.789978	8.45343	0	0	0	0	0	0	0
8.623837	8.789978	8.45343	0	0	0	0	0	0
8.720027	8.623837	8.789978	8.45343	0	0	0	0	0
8.6998	8.720027	8.623837	8.789978	8.45343	0	0	0	0
7.607255	0	0	0	0	0	0	0	0
7.991804	7.607255	0	0	0	0	0	0	0
8.446607	7.991804	7.607255	0	0	0	0	0	0
8.721889	8.446607	7.991804	7.607255	0	0	0	0	0
8.789781	8.721889	8.446607	7.991804	7.607255	0	0	0	0
8.499327	8.789781	8.721889	8.446607	7.991804	7.607255	0	0	0
6.822174	0	0	0	0	0	0	0	0
6.91986	6.822174	0	0	0	0	0	0	0
6.994659	6.91986	6.822174	0	0	0	0	0	0
7.15252	6.994659	6.91986	6.822174	0	0	0	0	0
7.103026	7.15252	6.994659	6.91986	6.822174	0	0	0	0
6.796362	7.103026	7.15252	6.994659	6.91986	6.822174	0	0	0
7.887908	0	0	0	0	0	0	0	0
7.998786	7.887908	0	0	0	0	0	0	0
8.00742	7.998786	7.887908	0	0	0	0	0	0
8.034404	8.00742	7.998786	7.887908	0	0	0	0	0
7.852683	8.034404	8.00742	7.998786	7.887908	0	0	0	0
10.02016	0	0	0	0	0	0	0	0
10.3271	10.02016	0	0	0	0	0	0	0
10.12559	10.3271	10.02016	0	0	0	0	0	0
9.717121	10.12559	10.3271	10.02016	0	0	0	0	0
9.794784	9.717121	10.12559	10.3271	10.02016	0	0	0	0
7.3635	0	0	0	0	0	0	0	0
7.267443	7.3635	0	0	0	0	0	0	0
7.297678	7.267443	7.3635	0	0	0	0	0	0
7.269402	7.297678	7.267443	7.3635	0	0	0	0	0
7.295958	7.269402	7.297678	7.267443	7.3635	0	0	0	0
7.232839	7.295958	7.269402	7.297678	7.267443	7.3635	0	0	0
7.193407	0	0	0	0	0	0	0	0
7.186912	7.193407	0	0	0	0	0	0	0
7.210099	7.186912	7.193407	0	0	0	0	0	0
7.180007	7.210099	7.186912	7.193407	0	0	0	0	0
6.91072	7.180007	7.210099	7.186912	7.193407	0	0	0	0
8.38524	0	0	0	0	0	0	0	0
8.54943	8.38524	0	0	0	0	0	0	0
9.000108	8.54943	8.38524	0	0	0	0	0	0
9.250728	9.000108	8.54943	8.38524	0	0	0	0	0
9.539638	9.250728	9.000108	8.54943	8.38524	0	0	0	0
9.683746	9.539638	9.250728	9.000108	8.54943	8.38524	0	0	0
9.981931	9.683746	9.539638	9.250728	9.000108	8.54943	8.38524	0	0
7.558242	0	0	0	0	0	0	0	0
7.762824	7.558242	0	0	0	0	0	0	0
7.773937	7.762824	7.558242	0	0	0	0	0	0
7.635906	7.773937	7.762824	7.558242	0	0	0	0	0
7.780714	7.635906	7.773937	7.762824	7.558242	0	0	0	0
8.342389	0	0	0	0	0	0	0	0
8.447642	8.342389	0	0	0	0	0	0	0
8.582945	8.447642	8.342389	0	0	0	0	0	0
8.709362	8.582945	8.447642	8.342389	0	0	0	0	0
8.797204	8.709362	8.582945	8.447642	8.342389	0	0	0	0
8.86521	8.797204	8.709362	8.582945	8.447642	8.342389	0	0	0
8.94516	8.86521	8.797204	8.709362	8.582945	8.447642	8.342389	0	0
8.929901	8.94516	8.86521	8.797204	8.709362	8.582945	8.447642	8.342389	0
8.912493	8.929901	8.94516	8.86521	8.797204	8.709362	8.582945	8.447642	8.342389
6.787547	0	0	0	0	0	0	0	0
6.719934	6.787547	0	0	0	0	0	0	0
6.860741	6.719934	6.787547	0	0	0	0	0	0
7.014826	6.860741	6.719934	6.787547	0	0	0	0	0
7.224234	7.014826	6.860741	6.719934	6.787547	0	0	0	0
7.385799	7.224234	7.014826	6.860741	6.719934	6.787547	0	0	0
7.619318	7.385799	7.224234	7.014826	6.860741	6.719934	6.787547	0	0
7.80239	7.619318	7.385799	7.224234	7.014826	6.860741	6.719934	6.787547	0
7.979412	7.80239	7.619318	7.385799	7.224234	7.014826	6.860741	6.719934	6.787547
8.072732	0	0	0	0	0	0	0	0
8.130832	8.072732	0	0	0	0	0	0	0
8.268065	8.130832	8.072732	0	0	0	0	0	0
8.626917	8.268065	8.130832	8.072732	0	0	0	0	0
8.793025	8.626917	8.268065	8.130832	8.072732	0	0	0	0
7.92437	0	0	0	0	0	0	0	0
7.881704	7.92437	0	0	0	0	0	0	0
8.155581	7.881704	7.92437	0	0	0	0	0	0
8.37501	8.155581	7.881704	7.92437	0	0	0	0	0
8.692282	8.37501	8.155581	7.881704	7.92437	0	0	0	0
6.957404	0	0	0	0	0	0	0	0
7.048247	6.957404	0	0	0	0	0	0	0
6.937335	7.048247	6.957404	0	0	0	0	0	0
6.920153	6.937335	7.048247	6.957404	0	0	0	0	0
6.998518	6.920153	6.937335	7.048247	6.957404	0	0	0	0
8.217501	0	0	0	0	0	0	0	0
8.437319	8.217501	0	0	0	0	0	0	0
8.477633	8.437319	8.217501	0	0	0	0	0	0
8.481894	8.477633	8.437319	8.217501	0	0	0	0	0
8.337396	8.481894	8.477633	8.437319	8.217501	0	0	0	0
8.118874	0	0	0	0	0	0	0	0
8.498074	8.118874	0	0	0	0	0	0	0
8.602783	8.498074	8.118874	0	0	0	0	0	0
8.749561	8.602783	8.498074	8.118874	0	0	0	0	0
8.881425	8.749561	8.602783	8.498074	8.118874	0	0	0	0
6.871989	0	0	0	0	0	0	0	0
6.964946	6.871989	0	0	0	0	0	0	0
7.136051	6.964946	6.871989	0	0	0	0	0	0
7.427321	7.136051	6.964946	6.871989	0	0	0	0	0
7.607301	7.427321	7.136051	6.964946	6.871989	0	0	0	0
7.449112	7.607301	7.427321	7.136051	6.964946	6.871989	0	0	0
7.414089	7.449112	7.607301	7.427321	7.136051	6.964946	6.871989	0	0
6.220353	0	0	0	0	0	0	0	0
6.378996	6.220353	0	0	0	0	0	0	0
6.346046	6.378996	6.220353	0	0	0	0	0	0
6.36424	6.346046	6.378996	6.220353	0	0	0	0	0
6.286051	6.36424	6.346046	6.378996	6.220353	0	0	0	0
6.208628	6.286051	6.36424	6.346046	6.378996	6.220353	0	0	0
6.20858	6.208628	6.286051	6.36424	6.346046	6.378996	6.220353	0	0
6.884476	0	0	0	0	0	0	0	0
6.788618	6.884476	0	0	0	0	0	0	0
7.036371	6.788618	6.884476	0	0	0	0	0	0
7.28414	7.036371	6.788618	6.884476	0	0	0	0	0
7.525602	7.28414	7.036371	6.788618	6.884476	0	0	0	0
7.773561	7.525602	7.28414	7.036371	6.788618	6.884476	0	0	0
7.993846	7.773561	7.525602	7.28414	7.036371	6.788618	6.884476	0	0
8.227248	7.993846	7.773561	7.525602	7.28414	7.036371	6.788618	6.884476	0
8.631184	8.227248	7.993846	7.773561	7.525602	7.28414	7.036371	6.788618	6.884476
7.107987	0	0	0	0	0	0	0	0
7.201724	7.107987	0	0	0	0	0	0	0
7.18912	7.201724	7.107987	0	0	0	0	0	0
7.004065	7.18912	7.201724	7.107987	0	0	0	0	0
6.80391	7.004065	7.18912	7.201724	7.107987	0	0	0	0
6.762875	6.80391	7.004065	7.18912	7.201724	7.107987	0	0	0
6.956279	0	0	0	0	0	0	0	0
7.065049	6.956279	0	0	0	0	0	0	0
7.5567	7.065049	6.956279	0	0	0	0	0	0
7.939026	7.5567	7.065049	6.956279	0	0	0	0	0
8.059468	7.939026	7.5567	7.065049	6.956279	0	0	0	0
8.2215	0	0	0	0	0	0	0	0
8.545259	8.2215	0	0	0	0	0	0	0
8.839859	8.545259	8.2215	0	0	0	0	0	0
8.990267	8.839859	8.545259	8.2215	0	0	0	0	0
9.138555	8.990267	8.839859	8.545259	8.2215	0	0	0	0
9.351811	9.138555	8.990267	8.839859	8.545259	8.2215	0	0	0
9.464602	9.351811	9.138555	8.990267	8.839859	8.545259	8.2215	0	0
9.142962	9.464602	9.351811	9.138555	8.990267	8.839859	8.545259	8.2215	0
9.163864	9.142962	9.464602	9.351811	9.138555	8.990267	8.839859	8.545259	8.2215
7.785142	0	0	0	0	0	0	0	0
8.07273	7.785142	0	0	0	0	0	0	0
8.242862	8.07273	7.785142	0	0	0	0	0	0
8.374003	8.242862	8.07273	7.785142	0	0	0	0	0
8.482943	8.374003	8.242862	8.07273	7.785142	0	0	0	0
8.597403	8.482943	8.374003	8.242862	8.07273	7.785142	0	0	0
7.527419	0	0	0	0	0	0	0	0
7.707323	7.527419	0	0	0	0	0	0	0
7.773438	7.707323	7.527419	0	0	0	0	0	0
7.927917	7.773438	7.707323	7.527419	0	0	0	0	0
8.070289	7.927917	7.773438	7.707323	7.527419	0	0	0	0
8.230503	8.070289	7.927917	7.773438	7.707323	7.527419	0	0	0
8.220557	8.230503	8.070289	7.927917	7.773438	7.707323	7.527419	0	0
8.374453	8.220557	8.230503	8.070289	7.927917	7.773438	7.707323	7.527419	0
8.496282	8.374453	8.220557	8.230503	8.070289	7.927917	7.773438	7.707323	7.527419
6.869793	0	0	0	0	0	0	0	0
6.575141	6.869793	0	0	0	0	0	0	0
6.497154	6.575141	6.869793	0	0	0	0	0	0
6.644277	6.497154	6.575141	6.869793	0	0	0	0	0
8.721766	0	0	0	0	0	0	0	0
8.760141	8.721766	0	0	0	0	0	0	0
8.703467	8.760141	8.721766	0	0	0	0	0	0
8.677257	8.703467	8.760141	8.721766	0	0	0	0	0
8.749454	8.677257	8.703467	8.760141	8.721766	0	0	0	0
8.902901	8.749454	8.677257	8.703467	8.760141	8.721766	0	0	0
8.956249	8.902901	8.749454	8.677257	8.703467	8.760141	8.721766	0	0
8.945085	8.956249	8.902901	8.749454	8.677257	8.703467	8.760141	8.721766	0
9.098851	8.945085	8.956249	8.902901	8.749454	8.677257	8.703467	8.760141	8.721766
8.578813	0	0	0	0	0	0	0	0
8.771547	8.578813	0	0	0	0	0	0	0
8.769542	8.771547	8.578813	0	0	0	0	0	0
8.883304	8.769542	8.771547	8.578813	0	0	0	0	0
8.957314	8.883304	8.769542	8.771547	8.578813	0	0	0	0
9.150931	8.957314	8.883304	8.769542	8.771547	8.578813	0	0	0
9.027205	9.150931	8.957314	8.883304	8.769542	8.771547	8.578813	0	0
8.950199	9.027205	9.150931	8.957314	8.883304	8.769542	8.771547	8.578813	0
8.978355	8.950199	9.027205	9.150931	8.957314	8.883304	8.769542	8.771547	8.578813
7.064361	0	0	0	0	0	0	0	0
7.206903	7.064361	0	0	0	0	0	0	0
7.231476	7.206903	7.064361	0	0	0	0	0	0
7.195761	7.231476	7.206903	7.064361	0	0	0	0	0
7.086733	7.195761	7.231476	7.206903	7.064361	0	0	0	0
6.963835	7.086733	7.195761	7.231476	7.206903	7.064361	0	0	0
7.732945	0	0	0	0	0	0	0	0
7.721071	7.732945	0	0	0	0	0	0	0
8.084435	7.721071	7.732945	0	0	0	0	0	0
8.036114	8.084435	7.721071	7.732945	0	0	0	0	0
8.16025	8.036114	8.084435	7.721071	7.732945	0	0	0	0
8.023471	8.16025	8.036114	8.084435	7.721071	7.732945	0	0	0
8.111222	8.023471	8.16025	8.036114	8.084435	7.721071	7.732945	0	0