1.809487	1.023889	2.219504	22.59974	3.776093	14.60133	2.924555	-0.3615002	9.129482	1	1	1	10	0	0	0	0	0	0	0	0	0
2.656471	0.5777363	2.327096	24.846	0.8619081	12.75668	3.036991	-0.1832002	9.229548	1	2	2	10	1	0	0	0	0	0	0	0	0
3.200404	1.144223	2.111332	26.65979	2.86559	5.633608	3.095211	-0.6055069	9.33351	1	3	3	10	0	1	0	0	0	0	0	0	0
1.6778	2.089639	1.44945	25.12037	0.5961928	12.93738	3.117573	0.0920119	9.491455	1	4	4	10	0	0	1	0	0	0	0	0	0
1.836352	2.44928	1.427486	22.12566	1.461191	4.593954	3.173844	-0.7574528	9.638028	1	5	5	10	0	0	0	1	0	0	0	0	0
1.637957	2.197891	1.370866	23.48797	-2.775804	3.878691	3.212816	0.3304734	9.707064	1	6	6	10	0	0	0	0	1	0	0	0	0
2.412622	2.056684	1.493792	24.12366	0.4195857	4.703011	3.341553	0.7262888	9.790289	1	7	7	10	0	0	0	0	0	1	0	0	0
1.126975	1.110541	1.275044	21.8078	0.481331	4.293129	3.536217	0.8794553	9.897899	1	8	8	10	0	0	0	0	0	0	1	0	0
3.137765	0.6749832	1.232657	24.93369	0.1906182	5.496799	3.725042	0.6679612	9.948948	1	9	9	10	0	0	0	0	0	0	0	1	0
1.766221	1.222009	1.137278	27.13658	0.604106	7.16396	3.815639	0.7661391	10.08966	1	10	10	10	0	0	0	0	0	0	0	0	1
5.61061	0.6585557	0.2247246	19.52726	0.9233992	6.979407	3.279698	0.6450222	8.562081	2	11	1	10	0	0	0	0	0	0	0	0	0
5.605468	1.190888	0.5842182	22.66036	-0.916827	3.47187	3.421103	0.3841438	8.850255	2	12	2	10	1	0	0	0	0	0	0	0	0
3.909662	1.22142	0.571337	24.34123	0.9101437	3.62694	3.587361	0.5960894	9.115346	2	13	3	10	0	1	0	0	0	0	0	0	0
5.130404	1.870879	0.363374	26.57233	-1.002867	1.604551	3.809276	0.8724899	9.301689	2	14	4	10	0	0	1	0	0	0	0	0	0
3.187268	1.741518	-0.0339818	25.26474	0.0996412	3.862272	3.94629	1.189038	9.551062	2	15	5	10	0	0	0	1	0	0	0	0	0
0.9950204	1.707653	0.0212361	22.94199	0.4038294	4.210456	4.052535	0.4245493	9.707441	2	16	6	10	0	0	0	0	1	0	0	0	0
2.711859	0.7682546	0.3083784	22.93881	0.3372521	0.7961535	4.127952	1.063519	9.813105	2	17	7	10	0	0	0	0	0	1	0	0	0
1.681142	1.236053	0.8109127	23.942	-0.5518787	1.496417	4.221797	0.3922421	9.911579	2	18	8	10	0	0	0	0	0	0	1	0	0
2.346741	0.3191808	0.2298106	24.19091	-0.1558242	0.8686879	4.359463	1.638943	10.03716	2	19	9	10	0	0	0	0	0	0	0	1	0
1.526451	0.7158867	0.1990752	23.38234	0.6722386	1.729047	4.563432	1.594561	10.11488	2	20	10	10	0	0	0	0	0	0	0	0	1
1.663103	0.4725005	0.6216422	21.10545	0.6443081	3.697895	4.047553	0.8150383	8.80629	3	21	1	10	0	0	0	0	0	0	0	0	0
5.092404	0.5900064	0.6865787	23.32088	0.189666	0.9866033	4.209448	1.111668	8.926847	3	22	2	10	1	0	0	0	0	0	0	0	0
3.735328	1.257893	0.4503171	24.87264	0.6475749	1.488835	4.37245	1.80268	9.092496	3	23	3	10	0	1	0	0	0	0	0	0	0
4.859624	1.89732	0.3207908	24.1517	-0.2487564	2.317405	4.567211	1.900832	9.288926	3	24	4	10	0	0	1	0	0	0	0	0	0
1.811547	2.027622	0.1574246	22.42187	-0.8695355	1.693373	4.637569	1.631429	9.522682	3	25	5	10	0	0	0	1	0	0	0	0	0
1.251773	2.00202	-0.0041914	19.46709	0.9801259	2.757616	4.678828	1.091004	9.655625	3	26	6	10	0	0	0	0	1	0	0	0	0
2.878998	0.874635	0.1729104	19.66091	0.5161411	0.9996396	4.769924	1.949958	9.743298	3	27	7	10	0	0	0	0	0	1	0	0	0
1.428349	1.045212	0.3255503	22.78378	0.5726323	1.624658	4.90127	1.487925	9.834251	3	28	8	10	0	0	0	0	0	0	1	0	0
2.067581	0.3688011	0.3393513	22.9142	-0.1528087	0.3015209	5.021297	1.827379	9.953334	3	29	9	10	0	0	0	0	0	0	0	1	0
1.70632	0.7256144	0.2439604	22.61577	-0.2142473	0.8374732	5.122304	1.310717	10.03237	3	30	10	10	0	0	0	0	0	0	0	0	1
2.121479	0.5376623	2.706978	22.2657	-1.892625	3.364197	3.494404	0.0426606	9.178167	4	31	1	10	0	0	0	0	0	0	0	0	0
2.718683	0.3249778	1.985068	20.02412	3.711253	5.550759	3.47766	-0.2704732	9.262016	4	32	2	10	1	0	0	0	0	0	0	0	0
3.031316	1.301281	2.022533	21.81497	-1.053325	3.145944	3.64985	1.237325	9.322033	4	33	3	10	0	1	0	0	0	0	0	0	0
3.018153	1.773596	1.398158	21.19877	0.2076584	4.601579	3.826059	0.8844033	9.50087	4	34	4	10	0	0	1	0	0	0	0	0	0
2.592486	2.1829	1.173348	22.78326	0.3707962	3.795798	3.815894	-0.1895176	9.633476	4	35	5	10	0	0	0	1	0	0	0	0	0
1.046831	2.165619	1.040548	21.58971	2.411474	6.079796	3.808127	0.916333	9.773719	4	36	6	10	0	0	0	0	1	0	0	0	0
2.580598	1.458615	1.365365	24.07504	-2.533794	3.15838	3.956988	0.7602738	9.838973	4	37	7	10	0	0	0	0	0	1	0	0	0
0.0419283	1.023889	1.197713	22.67722	0.7441471	2.270548	4.137026	1.629395	9.959341	4	38	8	10	0	0	0	0	0	0	1	0	0
3.020267	0.479954	0.9434929	24.04225	1.004563	2.953889	4.358212	1.578021	9.969576	4	39	9	10	0	0	0	0	0	0	0	1	0
2.049096	0.8862439	1.003677	25.56579	0.437402	2.046162	4.405187	1.025138	10.07894	4	40	10	10	0	0	0	0	0	0	0	0	1
2.854655	1.204772	0.6291105	17.41311	1.46482	3.194788	3.376652	0.4844988	9.084742	5	41	1	10	0	0	0	0	0	0	0	0	0
5.173044	1.448799	0.7411751	22.61155	-1.234599	4.008586	3.493106	0.3288031	9.186414	5	42	2	10	1	0	0	0	0	0	0	0	0
3.423	1.861286	0.7313344	24.79732	-0.16814	1.172801	3.618209	0.2375411	9.43679	5	43	3	10	0	1	0	0	0	0	0	0	0
1.663555	2.163783	0.5720722	25.93291	-0.1053605	4.531758	3.751765	0.6202772	9.62472	5	44	4	10	0	0	1	0	0	0	0	0	0
1.718506	2.289905	0.3115451	22.97861	0.0143491	4.117067	3.836869	0.2138308	9.762763	5	45	5	10	0	0	0	1	0	0	0	0	0
0.944399	2.249606	-0.007481	17.49052	2.64938	3.27612	3.945298	0.6108995	9.819914	5	46	6	10	0	0	0	0	1	0	0	0	0
1.843827	1.467413	0.0551381	21.36669	1.304524	5.167172	4.057696	1.267981	9.86053	5	47	7	10	0	0	0	0	0	1	0	0	0
1.582196	0.7285143	0.2995536	18.93589	1.493974	3.066245	4.200109	0.5107922	9.985492	5	48	8	10	0	0	0	0	0	0	1	0	0
2.479837	0.7645372	0.4231339	22.52934	-0.421674	3.964257	4.30753	1.393342	10.03172	5	49	9	10	0	0	0	0	0	0	0	1	0
1.130306	0.7839016	0.3592051	23.76316	0.940083	1.156809	4.512878	1.135531	10.15653	5	50	10	10	0	0	0	0	0	0	0	0	1
2.76241	1.705475	0.9647517	30.51596	-0.7303825	6.133066	3.198244	-0.1189052	8.647877	6	51	1	10	0	0	0	0	0	0	0	0	0
5.137655	1.598579	0.6759599	32.53254	-2.405076	3.217606	3.33357	-0.1457052	8.820806	6	52	2	10	1	0	0	0	0	0	0	0	0
4.086725	1.640549	0.215841	32.66201	2.765558	6.902642	3.438319	0.4210797	9.042291	6	53	3	10	0	1	0	0	0	0	0	0	0
5.314671	2.174979	0.4172881	35.33569	-2.94747	4.212386	3.585978	-0.1506285	9.218806	6	54	4	10	0	0	1	0	0	0	0	0	0
1.037829	2.486239	0.3016336	31.48456	4.159107	13.67706	3.642683	0.9299159	9.469256	6	55	5	10	0	0	0	1	0	0	0	0	0
2.777968	2.274391	0.4840907	29.74598	1.050026	4.446776	3.733744	-0.3740289	9.565299	6	56	6	10	0	0	0	0	1	0	0	0	0
3.519056	1.592495	0.359438	29.49116	-3.277548	5.196509	3.772005	-0.1688563	9.713608	6	57	7	10	0	0	0	0	0	1	0	0	0
-3.064552	1.163776	0.4728931	23.9491	5.58783	12.33613	3.906026	1.812489	9.832104	6	58	8	10	0	0	0	0	0	0	1	0	0
4.386661	0.07139	0.3035972	22.44241	1.36789	1.670536	4.166302	1.193685	9.79502	6	59	9	10	0	0	0	0	0	0	0	1	0
2.668764	0.5388298	0.2751818	22.66373	-0.8305562	4.595005	4.336891	-0.1093729	9.896664	6	60	10	10	0	0	0	0	0	0	0	0	1
3.726637	1.396245	0.7479503	18.39298	-0.6912847	12.6837	2.719069	-0.8631848	9.176961	7	61	1	10	0	0	0	0	0	0	0	0	0
4.469888	1.505854	1.265456	21.26901	1.076317	5.702444	2.786937	-0.2817298	8.9019	7	62	2	10	1	0	0	0	0	0	0	0	0
4.263308	1.155623	1.014582	24.0918	-0.5198172	3.149121	2.929856	0.0693012	9.098041	7	63	3	10	0	1	0	0	0	0	0	0	0
4.745092	1.815802	0.7696766	25.82819	1.133257	4.196373	3.208619	0.76894	9.321549	7	64	4	10	0	0	1	0	0	0	0	0	0
1.907609	2.374161	0.5496763	23.92405	0.7125093	5.250745	3.355072	0.0369755	9.54524	7	65	5	10	0	0	0	1	0	0	0	0	0
1.699665	2.467421	0.4692548	21.99817	-1.49559	4.330912	3.442384	-1.014061	9.67383	7	66	6	10	0	0	0	0	1	0	0	0	0
2.170875	1.482967	0.5239486	21.65331	0.4561518	1.321187	3.495409	0.0095064	9.778395	7	67	7	10	0	0	0	0	0	1	0	0	0
1.001131	1.070213	0.5294751	23.16876	2.373619	5.197164	3.634272	0.2106032	9.856823	7	68	8	10	0	0	0	0	0	0	1	0	0
1.98057	0.3811724	0.4155637	21.50276	0.668716	3.049099	3.814812	1.304115	9.966578	7	69	9	10	0	0	0	0	0	0	0	1	0
1.900246	0.4510756	0.3880623	23.55683	-1.159348	2.274923	4.014256	0.7683657	10.01348	7	70	10	10	0	0	0	0	0	0	0	0	1
4.150112	0.0804798	0.6541889	29.7	1.22956	8.442726	3.200598	0.2011041	9.18661	8	71	1	8	0	0	0	0	0	0	0	0	0
2.834127	1.65471	0.2077253	29.27066	1.07988	4.456213	3.321181	0.3180707	9.389564	8	72	2	8	1	0	0	0	0	0	0	0	0
2.998572	1.30225	-0.0626128	25.40768	-3.0367	3.999049	3.446815	0.0844928	9.58474	8	73	3	8	0	1	0	0	0	0	0	0	0
0.7288266	1.384906	-0.1980267	23.72351	1.21876	4.616381	3.561688	0.141806	9.691293	8	74	4	8	0	0	1	0	0	0	0	0	0
2.39121	-0.2189921	0.3374698	22.94095	1.80802	3.319693	3.652242	0.228447	9.776609	8	75	5	8	0	0	0	1	0	0	0	0	0
2.1714	1.172726	0.5857753	24.16801	-2.77636	5.848368	3.814325	0.4084548	9.866886	8	76	6	8	0	0	0	0	1	0	0	0	0
1.445564	0.2353353	0.2342619	23.12735	0.3205	1.207475	3.998032	1.649938	10.00583	8	77	7	8	0	0	0	0	0	1	0	0	0
1.046717	0.4032027	0.091528	20.76816	2.57344	6.438673	4.254345	1.375298	10.06574	8	78	8	8	0	0	0	0	0	0	1	0	0
6.594687	0.3235317	0.5689923	26.63659	-6.158642	3.914071	2.550071	-0.2663442	8.221826	9	79	1	9	0	0	0	0	0	0	0	0	0
7.010978	0.9250523	0.5510471	29.87828	2.780627	6.757868	2.731161	-0.6887591	8.48693	9	80	2	9	1	0	0	0	0	0	0	0	0
4.969481	2.353848	0.5019857	35.28159	6.345086	6.466861	2.924912	0.959945	8.831491	9	81	3	9	0	1	0	0	0	0	0	0	0
3.818272	2.645181	1.232022	27.46908	2.225278	3.546597	3.13447	0.5560729	9.171458	9	82	4	9	0	0	1	0	0	0	0	0	0
-1.128263	3.081359	0.7395543	21.06872	-0.9336457	7.323067	3.354904	0.1384548	9.327255	9	83	5	9	0	0	0	1	0	0	0	0	0
1.424196	2.844095	0.4072579	19.75158	-1.43834	4.592036	3.500046	0.9961244	9.343067	9	84	6	9	0	0	0	0	1	0	0	0	0
-0.0441255	2.785875	0.9062771	19.25697	0.9186485	3.787777	3.639199	0.2816675	9.35894	9	85	7	9	0	0	0	0	0	1	0	0	0
2.313236	1.794755	0.685293	20.66466	0.0159708	1.977293	3.853902	1.780859	9.4007	9	86	8	9	0	0	0	0	0	0	1	0	0
4.101263	1.198156	0.3097648	25.43809	1.68721	3.234557	4.010403	1.411028	9.45558	9	87	9	9	0	0	0	0	0	0	0	1	0
3.04291	1.878854	2.223149	27.01738	-1.946238	0.8942893	4.04161	0.7287225	8.778674	10	88	1	10	0	0	0	0	0	0	0	0	0
4.435021	2.341421	1.865744	26.10488	2.277493	7.795522	4.111166	1.161083	8.994765	10	89	2	10	1	0	0	0	0	0	0	0	0
0.6525165	2.418945	1.283969	30.00247	3.064497	12.64802	4.127888	0.2797513	9.103981	10	90	3	10	0	1	0	0	0	0	0	0	0
7.575664	2.925524	1.340443	30.02851	-5.461158	10.47932	4.206826	0.9259806	9.314713	10	91	4	10	0	0	1	0	0	0	0	0	0
3.324921	3.700413	0.9597429	27.7037	6.784629	10.91401	4.201916	0.8973947	9.496126	10	92	5	10	0	0	0	1	0	0	0	0	0
1.676238	4.002923	1.092254	24.60598	-0.1220489	6.851884	4.183984	0.6118436	9.695618	10	93	6	10	0	0	0	0	1	0	0	0	0
2.422924	3.16006	1.109774	21.65547	1.810726	6.227234	4.225133	0.7574217	9.857603	10	94	7	10	0	0	0	0	0	1	0	0	0
-0.5081715	1.853482	0.987295	19.88894	2.046376	8.324557	4.162089	-0.3154983	9.963423	10	95	8	10	0	0	0	0	0	0	1	0	0
3.218344	0.7551826	1.008969	22.07237	-5.355149	9.910394	4.263036	1.431192	9.957166	10	96	9	10	0	0	0	0	0	0	0	1	0
2.493429	1.462329	0.9475099	24.12179	0.5120726	9.144631	4.324367	0.8412738	10.03737	10	97	10	10	0	0	0	0	0	0	0	0	1
1.460011	1.189671	-0.6549143	13.42059	0.581909	6.596294	3.367675	0.309339	8.428419	11	98	1	10	0	0	0	0	0	0	0	0	0
4.280904	1.202372	0.1409241	16.49549	-0.225315	2.285106	3.557879	0.9593859	8.493463	11	99	2	10	1	0	0	0	0	0	0	0	0
4.21876	1.539873	0.4441807	20.53336	0.0129742	5.11088	3.806189	0.8431995	8.662017	11	100	3	10	0	1	0	0	0	0	0	0	0
3.200759	2.382689	1.33281	24.16979	-1.40296	4.546098	3.98139	0.5345094	8.832857	11	101	4	10	0	0	1	0	0	0	0	0	0
3.558046	2.686213	1.445925	23.3668	0.5943699	4.607451	4.068132	1.731492	9.032571	11	102	5	10	0	0	0	1	0	0	0	0	0
0.1619731	2.704711	0.9654815	23.50155	5.877907	9.543077	4.219182	1.682886	9.182837	11	103	6	10	0	0	0	0	1	0	0	0	0
2.912959	1.316944	-0.0540626	18.62875	2.607679	5.017792	4.463135	1.912718	9.275405	11	104	7	10	0	0	0	0	0	1	0	0	0
3.940822	0.9835755	0.3681528	18.38522	1.114	4.438159	4.654808	2.351375	9.34197	11	105	8	10	0	0	0	0	0	0	1	0	0
9.121199	0.6647477	0.9193067	21.77783	0.4221725	1.473218	4.980741	2.831815	9.549707	11	106	9	10	0	0	0	0	0	0	0	1	0
4.555081	1.423108	1.703651	22.0447	1.04922	3.334013	5.194872	1.814826	9.883721	11	107	10	10	0	0	0	0	0	0	0	0	1
4.827391	0.7149086	0.6241213	28.37802	4.255615	9.025587	2.572273	0.4864582	8.464253	12	108	1	10	0	0	0	0	0	0	0	0	0
5.70322	1.45815	0.7412764	31.12163	-0.9672233	6.323989	2.840491	0.3503109	8.702501	12	109	2	10	1	0	0	0	0	0	0	0	0
5.178351	1.077048	0.667965	26.70321	1.923717	4.321864	3.075933	0.4806542	8.996487	12	110	3	10	0	1	0	0	0	0	0	0	0
3.849645	2.212004	0.6158171	27.54253	-5.038559	9.72479	3.30059	0.1779733	9.209129	12	111	4	10	0	0	1	0	0	0	0	0	0
2.572122	2.742516	0.4157034	24.13718	5.17787	5.865183	3.388971	0.6470461	9.425725	12	112	5	10	0	0	0	1	0	0	0	0	0
1.556478	2.784147	0.0994665	22.46283	-0.8744157	5.5099	3.426092	-0.0886054	9.556471	12	113	6	10	0	0	0	0	1	0	0	0	0
3.071468	1.826805	0.0250018	21.95167	0.3224055	3.693024	3.536479	0.5066665	9.681155	12	114	7	10	0	0	0	0	0	1	0	0	0
0.8074678	1.663547	0.1845306	21.28304	3.627345	9.436185	3.719605	0.7474781	9.799911	12	115	8	10	0	0	0	0	0	0	1	0	0
1.839227	1.089908	0.1578151	20.83536	-1.389372	5.399541	3.914788	0.8863354	9.891275	12	116	9	10	0	0	0	0	0	0	0	1	0
1.173389	0.9305881	0.1370609	21.97477	-1.055941	1.429541	3.999995	-0.2024672	9.959393	12	117	10	10	0	0	0	0	0	0	0	0	1
6.513119	-0.418	0.9802688	18.32094	4.942575	11.79119	1.740753	-0.5097058	7.864102	13	118	1	10	0	0	0	0	0	0	0	0	0
10.25769	1.695983	0.9742204	25.32621	-1.57839	7.749182	1.933993	-1.182451	8.173587	13	119	2	10	1	0	0	0	0	0	0	0	0
9.722382	1.658609	1.041151	29.76149	4.195646	6.349203	2.141942	-0.7097695	8.608677	13	120	3	10	0	1	0	0	0	0	0	0	0
4.828002	2.374347	1.336628	35.25297	-3.545151	15.89064	2.39419	0.0666535	9.03892	13	121	4	10	0	0	1	0	0	0	0	0	0
3.28843	2.006871	1.017	31.7692	0.2512082	10.37862	2.533368	-0.5886489	9.427798	13	122	5	10	0	0	0	1	0	0	0	0	0
1.633215	1.366092	0.7256354	29.69698	5.751044	10.61533	2.623716	-0.67016	9.555352	13	123	6	10	0	0	0	0	1	0	0	0	0
4.505888	0.1362776	0.4840559	31.19246	-0.1996614	13.73314	2.657691	-0.3918854	9.683935	13	124	7	10	0	0	0	0	0	1	0	0	0
1.721823	0.6941468	0.3300351	32.68113	2.038009	9.029171	2.743786	-1.224829	9.841836	13	125	8	10	0	0	0	0	0	0	1	0	0
0.8590904	-0.576	0.2600881	30.90818	-1.40162	6.28195	2.899035	-0.362048	10.01113	13	126	9	10	0	0	0	0	0	0	0	1	0
1.006634	-1.526	0.1834773	28.42133	-0.2403185	3.784781	3.041847	0.4348503	10.06488	13	127	10	10	0	0	0	0	0	0	0	0	1
2.812628	0.2037568	0.5441803	30.51965	-0.0965753	4.20304	4.900944	1.232297	9.285575	14	128	1	10	0	0	0	0	0	0	0	0	0
3.30216	0.4700036	1.074229	33.2314	-0.9520783	7.268062	4.98068	1.181426	9.404794	14	129	2	10	1	0	0	0	0	0	0	0	0
2.605063	1.010873	0.5007952	26.80822	3.899092	7.837513	5.058043	1.488509	9.517007	14	130	3	10	0	1	0	0	0	0	0	0	0
3.690801	1.795419	1.088443	27.75423	1.122984	8.111475	5.234583	1.770419	9.619566	14	131	4	10	0	0	1	0	0	0	0	0	0
0.2487573	1.943049	0.4470611	21.35879	-3.369237	1.829048	5.218778	1.546209	9.810439	14	132	5	10	0	0	0	1	0	0	0	0	0
2.053961	2.0292	0.1185166	22.33933	-0.533718	1.793944	5.251356	1.979367	9.856901	14	133	6	10	0	0	0	0	1	0	0	0	0
6.788108	0.6032224	0.448198	24.00229	1.766662	3.315931	5.312937	1.723084	9.938231	14	134	7	10	0	0	0	0	0	1	0	0	0
3.496022	1.147403	1.297504	25.33259	1.821422	5.7791	5.323405	1.034667	10.18529	14	135	8	10	0	0	0	0	0	0	1	0	0
4.26916	0.283674	1.470599	24.60047	-0.0476995	1.835542	5.467877	2.99637	10.45145	14	136	9	10	0	0	0	0	0	0	0	1	0
2.580655	0.889536	1.351957	24.21349	12.41939	18.60064	5.635518	1.650689	10.5952	14	137	10	10	0	0	0	0	0	0	0	0	1
1.995943	0.967744	1.315886	24.18218	1.881386	5.68923	3.643014	0.9600897	8.974689	15	138	1	10	0	0	0	0	0	0	0	0	0
4.801341	1.129465	1.378751	26.91565	-2.138382	3.048911	3.837677	0.7429707	9.153908	15	139	2	10	1	0	0	0	0	0	0	0	0
3.867615	1.65594	1.227585	29.71475	0.8499901	1.257857	3.994051	1.393817	9.303945	15	140	3	10	0	1	0	0	0	0	0	0	0
2.914709	1.98979	0.9941041	28.40984	1.220785	4.75965	4.253486	1.460303	9.497938	15	141	4	10	0	0	1	0	0	0	0	0	0
1.472777	1.917805	0.7498748	24.2281	-1.188734	3.705625	4.303095	0.9797749	9.674626	15	142	5	10	0	0	0	1	0	0	0	0	0
-0.0800891	1.626492	0.4946266	21.03115	2.099779	4.065653	4.37147	0.7567661	9.766087	15	143	6	10	0	0	0	0	1	0	0	0	0
2.539042	-0.312	0.5936623	21.8674	-0.4488782	1.120814	4.478199	1.253211	9.781724	15	144	7	10	0	0	0	0	0	1	0	0	0
1.492341	1.097278	0.6758914	21.58427	1.455434	2.925408	4.584728	1.454746	9.863623	15	145	8	10	0	0	0	0	0	0	1	0	0
3.115194	0.7390761	0.5818751	22.05244	-0.8995041	1.557588	4.771934	1.75282	9.971884	15	146	9	10	0	0	0	0	0	0	0	1	0
0.7600477	1.016679	0.5173075	20.95071	1.089344	1.821096	4.923295	1.703894	10.08015	15	147	10	10	0	0	0	0	0	0	0	0	1
0.892874	1.17619	2.15121	21.99929	6.304168	11.61799	3.480313	-0.160657	9.179432	16	148	1	10	0	0	0	0	0	0	0	0	0
4.605419	0.76174	2.136158	19.91506	-1.638706	8.067019	3.482267	-0.3041781	9.261396	16	149	2	10	1	0	0	0	0	0	0	0	0
2.05904	1.45582	1.458032	20.68573	1.448764	9.141342	3.505368	0.0457807	9.447351	16	150	3	10	0	1	0	0	0	0	0	0	0
2.615671	2.158022	1.876604	22.43398	-8.320657	19.38224	3.638851	-1.01176	9.55766	16	151	4	10	0	0	1	0	0	0	0	0	0
-1.635188	2.660399	0.396349	18.39424	9.154756	8.690949	3.669444	1.028468	9.637094	16	152	5	10	0	0	0	1	0	0	0	0	0
2.454979	2.520435	0.6962689	19.73358	-0.94394	3.018368	3.774629	0.0558749	9.659126	16	153	6	10	0	0	0	0	1	0	0	0	0
0.0442816	2.453588	0.9452496	20.20199	2.296517	8.929399	3.880447	0.9910039	9.697553	16	154	7	10	0	0	0	0	0	1	0	0	0
0.8995618	0.7966059	1.396567	18.89691	1.343468	4.206154	4.067743	1.177945	9.766025	16	155	8	10	0	0	0	0	0	0	1	0	0
2.1553	0.5187938	0.9322541	21.98318	-1.976528	2.513379	4.185921	0.7343507	9.755198	16	156	9	10	0	0	0	0	0	0	0	1	0
2.472777	0.8729656	1.060277	23.83028	1.1883	4.077909	4.271945	1.236804	9.868065	16	157	10	10	0	0	0	0	0	0	0	0	1
1.734009	1.06884	0.900478	32.59515	2.086269	4.586467	3.73709	0.4065184	8.968069	17	158	1	10	0	0	0	0	0	0	0	0	0
3.543976	1.186623	0.7896461	30.71038	0.4712706	2.661126	3.891288	0.7119274	9.097154	17	159	2	10	1	0	0	0	0	0	0	0	0
3.552215	1.307251	0.81757	32.17133	1.218128	4.777333	4.009746	0.6974058	9.232041	17	160	3	10	0	1	0	0	0	0	0	0	0
3.800145	2.101692	0.7081777	34.96638	-2.407496	3.831492	4.099049	0.7502006	9.417654	17	161	4	10	0	0	1	0	0	0	0	0	0
3.673592	2.148034	0.4321486	33.63545	3.343501	12.30297	4.123957	0.9440328	9.581328	17	162	5	10	0	0	0	1	0	0	0	0	0
2.640178	2.314514	0.3215497	28.82925	3.634262	4.945982	4.081021	-0.2499101	9.780328	17	163	6	10	0	0	0	0	1	0	0	0	0
2.05759	1.882514	0.3992705	27.7679	-1.74507	12.61526	4.134312	0.6204696	9.909957	17	164	7	10	0	0	0	0	0	1	0	0	0
2.908272	0.9962103	0.5228301	20.95305	1.609118	2.39494	4.229564	-0.1166047	10.05368	17	165	8	10	0	0	0	0	0	0	1	0	0
3.527529	0.778407	0.6455718	23.4507	0.4621506	9.185724	4.307303	0.8817147	10.14258	17	166	9	10	0	0	0	0	0	0	0	1	0
1.447	0.7275486	0.5452088	21.59213	4.860172	4.550498	4.332689	-0.7650374	10.33299	17	167	10	10	0	0	0	0	0	0	0	0	1
3.392734	0.3590721	0.6181539	14.46024	-1.700626	4.117951	3.323832	-0.2045126	7.891019	18	168	1	10	0	0	0	0	0	0	0	0	0
5.945567	0.9282193	0.4538567	19.00043	4.000792	10.31465	3.385278	1.426773	8.07584	18	169	2	10	1	0	0	0	0	0	0	0	0
7.16928	1.705475	-0.6856602	20.0602	0.0847051	3.357523	3.671823	0.3054666	8.325471	18	170	3	10	0	1	0	0	0	0	0	0	0
6.848634	2.473171	0.5907677	22.49811	-5.225512	8.254742	3.656329	0.6179824	8.642043	18	171	4	10	0	0	1	0	0	0	0	0	0
1.40125	3.109329	1.483662	17.4649	2.750345	6.638151	3.450532	0.8933929	8.996034	18	172	5	10	0	0	0	1	0	0	0	0	0
0.5315292	3.121042	0.6963019	19.33298	3.72837	10.56476	3.582606	0.422029	9.102594	18	173	6	10	0	0	0	0	1	0	0	0	0
5.636483	2.534807	-0.0048692	17.67209	0.3867961	6.173128	3.789227	1.456392	9.217089	18	174	7	10	0	0	0	0	0	1	0	0	0
2.326175	2.196113	0.0355089	20.66587	-1.16069	1.804664	4.005654	0.8277302	9.344719	18	175	8	10	0	0	0	0	0	0	1	0	0
3.118201	1.059178	0.3331046	23.75771	-1.604158	3.50185	4.196793	1.549677	9.549005	18	176	9	10	0	0	0	0	0	0	0	1	0
0.6818638	1.189671	0.5147212	24.1277	1.802535	3.792043	4.325517	0.9353915	9.662324	18	177	10	10	0	0	0	0	0	0	0	0	1
3.117945	2.112151	0.8243842	19.08588	-0.9014636	5.787819	1.679333	-0.1817067	8.133341	19	178	1	10	0	0	0	0	0	0	0	0	0
9.105952	1.593309	1.000979	20.69448	2.696583	19.44918	2.305742	0.1631201	8.37978	19	179	2	10	1	0	0	0	0	0	0	0	0
5.944729	1.884642	1.053809	25.15656	2.96244	10.60431	2.631116	-0.2826112	8.691324	19	180	3	10	0	1	0	0	0	0	0	0	0
5.129462	2.290513	1.044625	25.199	-2.01592	11.79251	2.8695	0.2002869	9.000218	19	181	4	10	0	0	1	0	0	0	0	0	0
0.3085842	2.939585	1.115573	22.893	6.806336	13.4796	2.969217	0.1712591	9.25534	19	182	5	10	0	0	0	1	0	0	0	0	0
0.6740728	2.609628	0.5848352	19.02996	2.009417	9.124156	3.149237	0.3997588	9.381032	19	183	6	10	0	0	0	0	1	0	0	0	0
3.950845	1.931521	0.4321663	21.37077	-4.982498	10.99804	3.333814	0.7704547	9.398558	19	184	7	10	0	0	0	0	0	1	0	0	0
1.312458	1.718472	0.3318854	23.29438	3.638408	7.859829	3.57646	1.223515	9.520304	19	185	8	10	0	0	0	0	0	0	1	0	0
3.351581	1.053615	0.3103827	23.52709	-0.7817727	3.220433	3.929046	1.756661	9.661002	19	186	9	10	0	0	0	0	0	0	0	1	0
2.284252	1.17372	1.073539	26.64361	-1.411319	2.782771	4.134405	0.4740945	9.763393	19	187	10	10	0	0	0	0	0	0	0	0	1
2.58794	1.237794	0.5880784	22.34469	0.2097072	1.371242	3.283279	0.0821587	9.092275	20	188	1	10	0	0	0	0	0	0	0	0	0
4.211733	1.243001	0.642414	24.76245	0.1911786	1.905087	3.41634	-0.0451146	9.225634	20	189	2	10	1	0	0	0	0	0	0	0	0
2.542801	1.40266	0.8043879	25.46581	-0.5256187	1.514306	3.56358	0.6994307	9.399542	20	190	3	10	0	1	0	0	0	0	0	0	0
2.523066	2.0031	0.441251	24.37015	0.093493	5.933345	3.734015	0.9058202	9.561328	20	191	4	10	0	0	1	0	0	0	0	0	0
1.103472	2.27583	0.3077911	22.03158	-0.0069825	4.025445	3.771967	0.4272114	9.693229	20	192	5	10	0	0	0	1	0	0	0	0	0
1.186572	2.328643	0.0934272	19.36357	2.817982	6.698582	3.850514	0.8534891	9.771418	20	193	6	10	0	0	0	0	1	0	0	0	0
2.726496	1.724551	0.4107642	21.7272	-1.719486	3.243968	3.954574	0.2512057	9.812689	20	194	7	10	0	0	0	0	0	1	0	0	0
-0.7430455	1.760613	0.6557724	19.98328	2.385131	5.320906	4.03093	1.361573	9.933502	20	195	8	10	0	0	0	0	0	0	1	0	0
2.957968	-0.232	0.1731967	19.83976	0.2419796	2.372221	4.298317	1.895003	9.951961	20	196	9	10	0	0	0	0	0	0	0	1	0
2.308913	0.4408323	0.320563	19.81935	1.177968	3.860032	4.446967	0.8360351	10.02593	20	197	10	10	0	0	0	0	0	0	0	0	1
3.093663	0.1133287	1.421228	24.40506	-0.7453024	5.624024	3.307997	0.17444	9.349297	21	198	1	10	0	0	0	0	0	0	0	0	0
4.798871	1.038862	1.796213	30.21289	-2.653421	4.235802	3.438892	0.1268889	9.517195	21	199	2	10	1	0	0	0	0	0	0	0	0
2.025512	1.230225	1.254995	28.66211	3.080735	3.24285	3.54478	0.7641828	9.719558	21	200	3	10	0	1	0	0	0	0	0	0	0
3.348714	1.956709	0.616454	30.37477	-1.858937	1.141519	3.698415	0.3159932	9.832944	21	201	4	10	0	0	1	0	0	0	0	0	0
-0.2644833	1.059178	-0.0472407	23.69149	1.202855	4.89464	3.854126	1.463043	10.01499	21	202	5	10	0	0	0	1	0	0	0	0	0
1.343613	1.483875	0.5239327	26.42334	0.2595204	3.933002	3.982095	0.7274244	9.980693	21	203	6	10	0	0	0	0	1	0	0	0	0
1.913819	0.7570605	0.9179829	28.671	0.0583093	1.40041	4.115582	0.7471156	10.08503	21	204	7	10	0	0	0	0	0	1	0	0	0
0.0670421	1.35738	0.555723	28.23072	2.867824	6.360194	4.159163	0.1099943	10.15112	21	205	8	10	0	0	0	0	0	0	1	0	0
0.857016	-0.204	0.4748386	28.30288	-0.0436536	1.176799	4.2953	1.655401	10.20042	21	206	9	10	0	0	0	0	0	0	0	1	0
0.9232629	-0.078	0.2793907	26.65139	0.671896	3.761024	4.459918	0.869198	10.21486	21	207	10	10	0	0	0	0	0	0	0	0	1
1.914235	0.967744	0.4047344	13.66802	0.5904081	3.704119	3.121526	-1.457796	9.047832	22	208	1	10	0	0	0	0	0	0	0	0	0
2.864933	1.026042	0.7363026	16.25867	-1.372894	3.258211	3.166548	-1.289297	9.166984	22	209	2	10	1	0	0	0	0	0	0	0	0
2.027344	1.450677	0.5440341	18.59304	2.210618	3.016157	3.242738	0.3845425	9.278666	22	210	3	10	0	1	0	0	0	0	0	0	0
2.760341	2.261138	0.2635956	18.33737	-3.556626	9.291583	3.411743	0.5084351	9.397325	22	211	4	10	0	0	1	0	0	0	0	0	0
1.841928	2.751621	0.0492321	16.79344	3.765179	4.629681	3.504506	0.2594293	9.524694	22	212	5	10	0	0	0	1	0	0	0	0	0
0.8163189	2.261763	0.1391714	14.97487	-0.3561544	5.063861	3.563217	-0.0093169	9.613897	22	213	6	10	0	0	0	0	1	0	0	0	0
3.866658	1.66241	0.252837	17.53288	-2.801415	7.610508	3.653211	0.1773126	9.660281	22	214	7	10	0	0	0	0	0	1	0	0	0
0.953715	1.530395	0.3105369	16.75404	2.7502	2.730629	3.753432	0.496307	9.820792	22	215	8	10	0	0	0	0	0	0	1	0	0
2.788769	1.027474	0.341226	18.41701	-0.7513794	2.430068	3.942627	1.217049	9.898541	22	216	9	10	0	0	0	0	0	0	0	1	0
2.377257	0.8960881	0.3441578	19.4463	-0.6921551	2.40941	4.078214	-0.3999237	10.02105	22	217	10	10	0	0	0	0	0	0	0	0	1
1.612976	0.5019867	1.732048	16.35535	-1.054134	10.69534	1.97279	-1.076277	9.372892	23	218	1	10	0	0	0	0	0	0	0	0	0
2.792554	0.2199385	1.500138	16.44127	5.591908	4.06726	2.075235	-1.84625	9.440556	23	219	2	10	1	0	0	0	0	0	0	0	0
3.613462	1.227885	1.073379	18.16369	-3.928549	6.504992	2.184768	-0.5864436	9.518918	23	220	3	10	0	1	0	0	0	0	0	0	0
1.917177	1.815802	0.9395949	18.33415	-0.4821898	4.479138	2.374068	-0.6051494	9.713359	23	221	4	10	0	0	1	0	0	0	0	0	0
2.818705	2.086417	0.9479927	18.3143	-1.217381	10.7648	2.456358	-0.4657874	9.825748	23	222	5	10	0	0	0	1	0	0	0	0	0
1.502424	2.015436	1.022544	18.35804	-3.575922	8.964058	2.534556	-0.7978665	9.934047	23	223	6	10	0	0	0	0	1	0	0	0	0
2.610873	1.280934	1.005819	19.12753	3.051856	6.74111	2.6876	0.0224498	10.00516	23	224	7	10	0	0	0	0	0	1	0	0	0
1.370013	1.293082	1.066374	18.28165	0.8015276	3.723852	2.883363	0.03815	10.15084	23	225	8	10	0	0	0	0	0	0	1	0	0
3.035857	0.8603551	1.068572	21.94542	-2.158147	4.933924	3.121316	0.4901555	10.22414	23	226	9	10	0	0	0	0	0	0	0	1	0
1.550514	0.9360933	0.9858656	22.81171	-3.550203	3.791068	3.247113	-0.3672607	10.35026	23	227	10	10	0	0	0	0	0	0	0	0	1